0,0,0,0,0,0,0,0,0,0,0,0,0,0,0,0,0,0,0,0,0,0,0,0,0,0,0,0,0,0,0,0,0,0,0,0,0,0,0,0,0,0,0,0,0,0,0,0,0,0,0,0,0,0,0,0,0,0,0,0,0,0,0,0,0,0,0,0,0,0,0,0,0,0,0,0,0,0,0,0,0,0,0,0,0,0,0,0,0,0,0,0,0,0,0,0,0,0,0,0,0,0,0,0,0,0,0,0,0,0,0,0,0,0,0,0,0,0,0,0,0,0,0,0,0,0,0,0,0,0,0,0,0,0,0,0,0,0,0,0,0,0,0,0,0,0,0,0,0,0,0,0,0,0,0,0,0,0,0,0,0,0,0,0,0,0,0,0,0,0,0,0,0,0,0,0,0,0,0,0,0,0,0,0,0,0,0,0,0,0,0,0,0,0,0,0,0,0,0,0,0,0,0,0,0,0,0,0,0,0,0,0,0,0,0,0,0,0,0
0,0,0,0,0,0,0,0,0,0,0,0,0,0,0,0,0,0,0,0,0,0,0,0,0,0,0,0,0,0,0,0,0,0,0,0,0,0,0,0,0,0,0,0,0,0,0,0,0,0,0,0,0,0,0,0,0,0,0,0,0,0,0,0,0,0,0,0,0,0,0,0,0,0,0,0,0,0,0,0,0,0,0,0,0,0,0,0,0,0,0,0,0,0,0,0,0,0,0,0,0,0,0,0,0,0,0,0,0,0,0,0,0,0,0,0,0,0,0,0,0,0,0,0,0,0,0,0,0,0,0,0,0,0,0,0,0,0,0,0,0,0,0,0,0,0,0,0,0,0,0,0,0,0,0,0,0,0,0,0,0,0,0,0,0,0,0,0,0,0,0,0,0,0,0,0,0,0,0,0,0,0,0,0,0,0,0,0,0,0,0,0,0,0,0,0,0,0,0,0,0,0,0,0,0,0,0,0,0,0,0,0,0,0,0,0,0,0,0
0,0,0,0,0,0,0,0,0,0,0,0,0,0,0,0,0,0,0,0,0,0,0,0,0,0,0,0,0,0,0,0,0,0,0,0,0,0,0,0,0,0,0,0,0,0,0,0,0,0,0,0,0,0,0,0,0,0,0,0,0,0,0,0,0,0,0,0,0,0,0,0,0,0,0,0,0,0,0,0,0,0,0,0,0,0,0,0,0,0,0,0,0,0,0,0,0,0,0,0,0,0,0,0,0,0,0,0,0,0,0,0,0,0,0,0,0,0,0,0,0,0,0,0,0,0,0,0,0,0,0,0,0,0,0,0,0,0,0,0,0,0,0,0,0,0,0,0,0,0,0,0,0,0,0,0,0,0,0,0,0,0,0,0,0,0,0,0,0,0,0,0,0,0,0,0,0,0,0,0,0,0,0,0,0,0,0,0,0,0,0,0,0,0,0,0,0,0,0,0,0,0,0,0,0,0,0,0,0,0,0,0,0,0,0,0,0,0,0
0,0,0,0,0,0,0,0,0,0,0,0,0,0,0,0,0,0,0,0,0,0,0,0,0,0,0,0,0,0,0,0,0,0,0,0,0,0,0,0,0,0,0,0,0,0,0,0,0,0,0,0,0,0,0,0,0,0,0,0,0,0,0,0,0,0,0,0,0,0,0,0,0,0,0,0,0,0,0,0,0,0,0,0,0,0,0,0,0,0,0,0,0,0,0,0,0,0,0,0,0,0,0,0,0,0,0,0,0,0,0,0,0,0,0,0,0,0,0,0,0,0,0,0,0,0,0,0,0,0,0,0,0,0,0,0,0,0,0,0,0,0,0,0,0,0,0,0,0,0,0,0,0,0,0,0,0,0,0,0,0,0,0,0,0,0,0,0,0,0,0,0,0,0,0,0,0,0,0,0,0,0,0,0,0,0,0,0,0,0,0,0,0,0,0,0,0,0,0,0,0,0,0,0,0,0,0,0,0,0,0,0,0,0,0,0,0,0,0
0,0,0,0,0,0,0,0,0,0,0,0,0,0,0,0,0,0,0,0,0,0,0,0,0,0,0,0,0,0,0,0,0,0,0,0,0,0,0,0,0,0,0,0,0,0,0,0,0,0,0,0,0,0,0,0,0,0,0,0,0,0,0,0,0,0,0,0,0,0,0,0,0,0,0,0,0,0,0,0,0,0,0,0,0,0,0,0,0,0,0,0,0,0,0,0,0,0,0,0,0,0,0,0,0,0,0,0,0,0,0,0,0,0,0,0,0,0,0,0,0,0,0,0,0,0,0,0,0,0,0,0,0,0,0,0,0,0,0,0,0,0,0,0,0,0,0,0,0,0,0,0,0,0,0,0,0,0,0,0,0,0,0,0,0,0,0,0,0,0,0,0,0,0,0,0,0,0,0,0,0,0,0,0,0,0,0,0,0,0,0,0,0,0,0,0,0,0,0,0,0,0,0,0,0,0,0,0,0,0,0,0,0,0,0,0,0,0,0
0,0,0,0,0,0,0,0,0,0,0,0,0,0,0,0,0,0,0,0,0,0,0,0,0,0,0,0,0,0,0,0,0,0,0,0,0,0,0,0,0,0,0,0,0,0,0,0,0,0,0,0,0,0,0,0,0,0,0,0,0,0,0,0,0,0,0,0,0,0,0,0,0,0,0,0,0,0,0,0,0,0,0,0,0,0,0,0,0,0,0,0,0,0,0,0,0,0,0,0,0,0,0,0,0,0,0,0,0,0,0,0,0,0,0,0,0,0,0,0,0,0,0,0,0,0,0,0,0,0,0,0,0,0,0,0,0,0,0,0,0,0,0,0,0,0,0,0,0,0,0,0,0,0,0,0,0,0,0,0,0,0,0,0,0,0,0,0,0,0,0,0,0,0,0,0,0,0,0,0,0,0,0,0,0,0,0,0,0,0,0,0,0,0,0,0,0,0,0,0,0,0,0,0,0,0,0,0,0,0,0,0,0,0,0,0,0,0,0
0,0,0,0,0,0,0,0,0,0,0,0,0,0,0,0,0,0,0,0,0,0,0,0,0,0,0,0,0,0,0,0,0,0,0,0,0,0,0,0,0,0,0,0,0,0,0,0,0,0,0,0,0,0,0,0,0,0,0,0,0,0,0,0,0,0,0,0,0,0,0,0,0,0,0,0,0,0,0,0,0,0,0,0,0,0,0,0,0,0,0,0,0,0,0,0,0,0,0,0,0,0,0,0,0,0,0,0,0,0,0,0,0,0,0,0,0,0,0,0,0,0,0,0,0,0,0,0,0,0,0,0,0,0,0,0,0,0,0,0,0,0,0,0,0,0,0,0,0,0,0,0,0,0,0,0,0,0,0,0,0,0,0,0,0,0,0,0,0,0,0,0,0,0,0,0,0,0,0,0,0,0,0,0,0,0,0,0,0,0,0,0,0,0,0,0,0,0,0,0,0,0,0,0,0,0,0,0,0,0,0,0,0,0,0,0,0,0,0
0,0,0,0,0,0,0,0,0,0,0,0,0,0,0,0,0,0,0,0,0,0,0,0,0,0,0,0,0,0,0,0,0,0,0,0,0,0,0,0,0,0,0,0,0,0,0,0,0,0,0,0,0,0,0,0,0,0,0,0,0,0,0,0,0,0,0,0,0,0,0,0,0,0,0,0,0,0,0,0,0,0,0,0,0,0,0,0,0,0,0,0,0,0,0,0,0,0,0,0,0,0,0,0,0,0,0,0,0,0,0,0,0,0,0,0,0,0,0,0,0,0,0,0,0,0,0,0,0,0,0,0,0,0,0,0,0,0,0,0,0,0,0,0,0,0,0,0,0,0,0,0,0,0,0,0,0,0,0,0,0,0,0,0,0,0,0,0,0,0,0,0,0,0,0,0,0,0,0,0,0,0,0,0,0,0,0,0,0,0,0,0,0,0,0,0,0,0,0,0,0,0,0,0,0,0,0,0,0,0,0,0,0,0,0,0,0,0,0
0,0,0,0,0,0,0,0,0,0,0,0,0,0,0,0,0,0,0,0,0,0,0,0,0,0,0,0,0,0,0,0,0,0,0,0,0,0,0,0,0,0,0,0,0,0,0,0,0,0,0,0,0,0,0,0,0,0,0,0,0,0,0,0,0,0,0,0,0,0,0,0,0,0,0,0,0,0,0,0,0,0,0,0,0,0,0,0,0,0,0,0,0,0,0,0,0,0,0,0,0,0,0,0,0,0,0,0,0,0,0,0,0,0,0,0,0,0,0,0,0,0,0,0,0,0,0,0,0,0,0,0,0,0,0,0,0,0,0,0,0,0,0,0,0,0,0,0,0,0,0,0,0,0,0,0,0,0,0,0,0,0,0,0,0,0,0,0,0,0,0,0,0,0,0,0,0,0,0,0,0,0,0,0,0,0,0,0,0,0,0,0,0,0,0,0,0,0,0,0,0,0,0,0,0,0,0,0,0,0,0,0,0,0,0,0,0,0,0
0,0,0,0,0,0,0,0,0,0,0,0,0,0,0,0,0,0,0,0,0,0,0,0,0,0,0,0,0,0,0,0,0,0,0,0,0,0,0,0,0,0,0,0,0,0,0,0,0,0,0,0,0,0,0,0,0,0,0,0,0,0,0,0,0,0,0,0,0,0,0,0,0,0,0,0,0,0,0,0,0,0,0,0,0,0,0,0,0,0,0,0,0,0,0,0,0,0,0,0,0,0,0,0,0,0,0,0,0,0,0,0,0,0,0,0,0,0,0,0,0,0,0,0,0,0,0,0,0,0,0,0,0,0,0,0,0,0,0,0,0,0,0,0,0,0,0,0,0,0,0,0,0,0,0,0,0,0,0,0,0,0,0,0,0,0,0,0,0,0,0,0,0,0,0,0,0,0,0,0,0,0,0,0,0,0,0,0,0,0,0,0,0,0,0,0,0,0,0,0,0,0,0,0,0,0,0,0,0,0,0,0,0,0,0,0,0,0,0
0,0,0,0,0,0,0,0,0,0,0,0,0,0,0,0,0,0,0,0,0,0,0,0,0,0,0,0,0,0,0,0,0,0,0,0,0,0,0,0,0,0,0,0,0,0,0,0,0,0,0,0,0,0,0,0,0,0,0,0,0,0,0,0,0,0,0,0,0,0,0,0,0,0,0,0,0,0,0,0,0,0,0,0,0,0,0,0,0,0,0,0,0,0,0,0,0,0,0,0,0,0,0,0,0,0,0,0,0,0,0,0,0,0,0,0,0,0,0,0,0,0,0,0,0,0,0,0,0,0,0,0,0,0,0,0,0,0,0,0,0,0,0,0,0,0,0,0,0,0,0,0,0,0,0,0,0,0,0,0,0,0,0,0,0,0,0,0,0,0,0,0,0,0,0,0,0,0,0,0,0,0,0,0,0,0,0,0,0,0,0,0,0,0,0,0,0,0,0,0,0,0,0,0,0,0,0,0,0,0,0,0,0,0,0,0,0,0,0
0,0,0,0,0,0,0,0,0,0,0,46,51,56,62,68,75,82,91,101,98,98,94,94,98,93,93,93,93,91,91,91,91,91,91,91,92,93,93,97,94,95,95,95,95,95,94,94,94,94,94,97,97,97,97,97,97,97,97,99,100,100,100,101,100,99,102,94,94,94,94,94,98,98,98,98,98,98,100,100,100,100,103,100,100,100,100,100,100,100,101,101,99,99,98,98,99,99,99,99,99,99,98,98,99,100,100,100,100,100,100,100,100,96,96,96,96,96,101,101,101,101,102,102,102,102,102,112,101,93,93,93,93,94,96,96,96,96,96,96,96,97,96,97,97,97,97,97,97,97,97,97,97,100,100,90,90,91,91,91,90,90,90,90,90,83,83,83,83,83,83,83,83,83,100,100,100,100,100,100,100,100,96,95,95,95,95,99,0,0,0,0,0,0,0,0,0,0,0,0,0,0,0,0,0,0,0,0,0,0,0,0,0,0,0,0,0,0,0
0,0,0,0,0,0,0,0,0,0,0,47,46,18,18,18,18,18,54,54,53,53,44,44,36,36,36,49,51,51,22,52,52,52,52,49,50,50,50,50,47,98,92,97,97,97,78,22,22,22,22,22,21,21,21,80,86,86,86,84,86,84,83,77,77,80,85,80,84,84,84,83,83,93,23,23,23,23,23,24,24,93,85,61,85,85,61,61,22,22,22,22,22,59,59,21,58,58,58,58,58,58,60,61,61,61,61,47,48,48,48,87,23,23,56,24,24,24,24,24,125,134,125,121,82,121,121,121,24,24,24,24,79,79,79,79,79,79,79,79,79,79,78,79,24,24,24,73,67,67,67,67,71,71,71,25,25,25,61,61,61,61,61,61,60,82,82,82,82,82,78,78,78,78,78,23,23,23,23,23,78,102,102,102,102,79,82,80,0,0,0,0,0,0,0,0,0,0,0,0,0,0,0,0,0,0,0,0,0,0,0,0,0,0,0,0,0,0,0
0,0,0,0,0,0,0,0,0,0,0,67,67,67,67,111,116,123,109,117,45,107,117,117,51,112,51,112,133,125,125,120,136,136,129,132,129,132,134,133,131,129,151,148,141,141,156,141,146,136,85,113,127,146,113,58,101,113,99,127,100,100,99,127,113,127,96,113,117,136,84,118,102,124,127,129,161,155,156,163,176,176,165,165,187,176,163,158,170,170,139,135,110,124,143,164,126,136,134,135,169,110,135,162,120,121,136,136,120,145,150,176,171,167,170,167,167,177,219,186,186,187,183,186,183,183,175,175,174,174,165,176,165,167,168,174,185,199,176,210,176,179,206,173,179,174,200,174,184,184,174,174,174,179,198,185,214,218,190,191,190,190,190,214,171,171,171,179,171,177,185,178,174,163,153,85,171,171,159,171,171,165,208,207,171,171,151,173,0,0,0,0,0,0,0,0,0,0,0,0,0,0,0,0,0,0,0,0,0,0,0,0,0,0,0,0,0,0,0
0,0,0,0,0,0,0,0,0,0,0,87,89,91,117,91,95,131,116,132,127,123,136,116,125,135,131,136,124,139,133,135,142,141,135,133,133,136,136,135,136,136,153,138,154,137,159,142,137,142,126,134,136,133,135,131,134,131,130,134,133,127,127,133,133,136,133,135,135,133,135,136,136,136,162,174,143,174,176,212,199,193,181,190,184,198,187,176,176,196,171,183,130,174,181,164,170,169,170,159,160,135,168,177,174,172,176,181,184,186,181,212,226,212,207,223,222,236,213,226,226,221,226,221,212,188,200,205,200,200,167,161,136,60,117,168,196,178,196,212,212,204,200,198,197,207,207,206,207,178,178,186,196,196,214,214,203,236,213,213,223,213,232,215,206,216,214,214,214,214,214,214,214,198,177,109,200,200,171,175,171,189,207,178,210,210,208,172,0,0,0,0,0,0,0,0,0,0,0,0,0,0,0,0,0,0,0,0,0,0,0,0,0,0,0,0,0,0,0
0,0,0,0,0,0,0,0,0,0,0,116,109,108,108,117,115,115,115,136,116,133,135,144,146,133,131,132,131,136,131,136,135,136,136,136,131,131,133,136,135,142,142,144,151,155,144,136,136,131,129,133,135,132,131,131,135,131,129,130,135,129,128,134,133,133,133,128,128,134,135,136,135,140,130,136,176,174,175,184,222,222,222,222,196,184,171,181,185,181,181,136,169,174,176,176,176,176,171,171,174,170,170,170,176,174,175,176,176,185,184,193,195,222,223,221,223,225,227,227,226,227,234,221,211,221,212,207,222,221,202,180,148,60,124,176,198,199,183,177,177,178,214,206,177,176,177,186,178,214,204,232,234,230,215,226,215,225,235,232,236,239,238,245,240,240,236,222,224,227,227,232,219,209,126,102,219,197,222,220,225,218,227,227,218,220,220,228,0,0,0,0,0,0,0,0,0,0,0,0,0,0,0,0,0,0,0,0,0,0,0,0,0,0,0,0,0,0,0
0,0,0,0,0,0,0,0,0,0,0,100,108,107,84,84,71,101,59,124,116,122,131,136,133,123,136,125,129,129,130,131,133,133,133,133,133,132,127,129,127,132,133,136,131,136,132,134,137,135,128,136,134,134,136,136,135,134,136,136,81,136,136,135,133,135,136,135,136,129,135,136,141,133,127,127,130,131,133,176,209,193,192,181,175,170,184,181,181,185,184,171,171,187,187,171,171,184,175,184,170,176,178,181,176,171,177,185,184,211,225,223,233,226,224,223,237,237,229,229,236,240,226,233,221,207,213,212,228,203,165,181,140,61,158,145,186,206,199,166,185,207,166,164,194,176,162,204,199,202,204,223,214,231,232,237,236,242,236,242,234,242,242,241,240,236,224,222,206,240,216,230,230,215,126,191,196,219,224,229,232,234,235,230,234,231,235,235,0,0,0,0,0,0,0,0,0,0,0,0,0,0,0,0,0,0,0,0,0,0,0,0,0,0,0,0,0,0,0
0,0,0,0,0,0,0,0,0,0,0,109,116,116,119,116,64,116,129,116,119,123,135,135,125,126,136,129,127,125,127,127,133,127,126,132,133,129,132,121,136,131,127,133,135,129,136,131,127,132,134,136,140,141,137,136,141,131,136,128,142,136,136,127,133,81,148,140,81,127,139,135,117,130,118,119,130,128,136,149,159,171,171,165,176,177,185,178,174,175,176,159,170,179,174,171,175,176,185,182,184,176,184,172,172,185,185,181,214,227,235,242,240,227,237,235,235,235,235,229,235,236,226,223,221,211,210,221,216,202,178,166,138,65,153,176,150,174,175,166,173,166,177,187,187,187,214,199,213,201,214,214,217,227,234,237,240,245,245,234,242,236,241,232,240,214,214,212,210,214,219,218,209,213,121,120,216,216,216,228,233,233,219,231,212,213,236,215,0,0,0,0,0,0,0,0,0,0,0,0,0,0,0,0,0,0,0,0,0,0,0,0,0,0,0,0,0,0,0
0,0,0,0,0,0,0,0,0,0,0,107,109,117,116,118,64,116,116,117,123,123,131,124,123,123,123,123,123,122,131,132,127,133,127,126,127,127,127,134,129,127,127,136,145,142,154,136,134,128,127,133,141,144,136,135,141,135,144,153,153,130,129,135,110,148,148,135,132,135,132,130,87,94,115,117,93,133,129,139,170,130,171,172,145,176,176,176,176,176,163,164,171,176,174,168,176,178,183,183,183,184,174,184,168,186,186,221,212,225,227,227,233,233,233,233,235,230,228,229,235,236,225,220,213,220,206,227,212,200,186,187,167,114,181,199,205,195,195,204,204,223,207,207,201,197,202,213,214,237,236,237,238,237,242,244,242,239,244,227,242,244,240,238,223,222,209,209,213,209,210,205,214,205,174,202,206,209,210,214,226,229,231,209,215,221,221,220,0,0,0,0,0,0,0,0,0,0,0,0,0,0,0,0,0,0,0,0,0,0,0,0,0,0,0,0,0,0,0
0,0,0,0,0,0,0,0,0,0,0,108,108,112,112,117,117,116,129,119,124,122,124,123,123,123,123,123,131,131,127,129,131,131,131,131,132,133,133,133,133,131,141,142,147,179,186,142,136,137,127,129,133,137,159,159,160,136,137,141,135,121,112,99,102,87,133,131,133,128,115,100,90,87,94,113,119,113,96,101,115,113,135,139,138,173,159,171,176,176,179,176,155,187,161,170,176,184,186,185,184,178,171,163,162,171,185,185,202,225,227,224,234,212,227,228,227,235,228,235,241,211,227,227,216,216,207,207,206,223,195,196,212,199,198,216,200,213,213,227,237,235,216,232,223,234,227,231,236,242,242,239,245,244,244,236,236,239,245,239,242,239,223,218,238,210,206,206,209,208,208,210,196,196,210,206,203,203,198,199,199,196,195,210,210,208,208,210,0,0,0,0,0,0,0,0,0,0,0,0,0,0,0,0,0,0,0,0,0,0,0,0,0,0,0,0,0,0,0
0,0,0,0,0,0,0,0,0,0,0,123,117,117,117,118,116,116,123,135,123,131,127,127,127,129,131,133,132,133,133,136,136,136,136,136,136,131,136,136,127,131,127,131,127,155,162,134,129,78,114,108,127,119,119,102,85,136,119,100,115,124,80,77,77,93,81,100,121,80,81,95,93,99,82,100,83,90,111,116,100,107,129,122,129,141,165,155,163,190,184,174,181,181,165,157,171,174,186,186,185,185,171,171,170,175,186,194,227,222,223,226,236,203,223,226,226,235,236,228,223,227,221,222,216,216,206,207,213,213,223,227,224,210,224,221,215,208,223,221,240,241,239,239,242,243,249,249,249,247,247,237,247,245,245,245,242,242,242,240,232,207,215,208,210,205,207,207,210,195,193,188,187,196,203,202,177,184,165,171,178,172,168,175,206,175,179,173,0,0,0,0,0,0,0,0,0,0,0,0,0,0,0,0,0,0,0,0,0,0,0,0,0,0,0,0,0,0,0
0,0,0,0,0,0,0,0,0,0,0,123,121,116,118,135,123,129,122,136,136,136,136,136,141,138,134,136,141,136,136,145,131,136,129,144,135,133,136,133,95,135,133,133,114,133,160,100,113,96,97,93,81,101,121,101,100,121,81,111,113,81,84,84,98,77,81,83,101,93,93,81,99,87,81,81,100,84,101,98,128,114,97,124,136,138,135,162,170,176,174,185,170,181,166,171,176,198,184,184,181,185,199,181,171,171,181,201,222,222,223,228,230,230,235,211,225,227,227,221,227,221,211,213,223,222,215,213,223,223,216,227,223,217,223,224,233,238,243,236,249,249,241,250,232,235,241,230,249,225,241,240,244,237,242,242,232,239,236,226,218,213,208,206,209,208,208,198,182,178,172,175,174,179,174,174,171,174,160,171,161,174,174,170,170,171,171,175,0,0,0,0,0,0,0,0,0,0,0,0,0,0,0,0,0,0,0,0,0,0,0,0,0,0,0,0,0,0,0
0,0,0,0,0,0,0,0,0,0,0,133,133,135,129,133,144,138,141,141,138,135,139,138,142,135,135,136,155,141,136,136,141,126,137,136,133,129,136,121,132,131,101,97,100,123,96,98,121,87,111,108,121,97,80,100,87,99,101,112,81,81,81,81,100,84,79,98,99,99,99,99,102,118,76,110,76,99,93,81,81,90,81,82,101,99,117,140,148,135,139,134,171,157,166,174,171,176,166,171,227,192,193,210,184,185,206,222,221,228,216,228,228,228,228,228,228,224,222,221,216,213,213,216,218,221,212,221,226,228,222,221,240,237,250,243,239,235,228,242,236,249,249,250,249,231,241,239,242,230,227,227,231,233,233,227,212,200,215,206,196,188,188,186,198,184,177,172,177,174,177,170,159,171,174,171,171,174,152,152,152,152,172,163,146,173,170,173,0,0,0,0,0,0,0,0,0,0,0,0,0,0,0,0,0,0,0,0,0,0,0,0,0,0,0,0,0,0,0
0,0,0,0,0,0,0,0,0,0,0,123,131,133,123,131,131,133,122,123,133,126,135,129,135,133,133,129,136,133,132,141,127,127,129,136,96,122,128,113,133,101,101,84,96,84,118,78,93,96,78,88,102,112,102,102,98,99,99,99,97,85,81,84,100,101,101,115,100,112,111,101,93,92,85,99,99,115,112,102,99,99,83,93,99,111,99,117,136,118,169,116,139,143,179,187,164,171,178,185,194,203,184,204,225,222,226,232,229,212,228,235,226,227,210,227,223,223,222,221,221,218,218,220,221,212,221,221,219,227,225,220,234,226,233,243,232,232,233,236,237,227,227,228,228,232,213,232,232,227,222,222,230,216,224,221,209,204,208,206,178,196,178,171,171,158,177,155,158,153,174,153,154,152,152,170,150,150,149,150,170,172,170,208,172,161,174,170,0,0,0,0,0,0,0,0,0,0,0,0,0,0,0,0,0,0,0,0,0,0,0,0,0,0,0,0,0,0,0
0,0,0,0,0,0,0,0,0,0,0,72,112,116,116,75,123,117,123,116,104,111,100,84,116,102,135,115,107,81,94,80,84,91,101,87,100,84,85,87,100,100,113,85,97,84,84,85,97,96,98,98,97,101,85,107,100,102,100,96,84,81,102,81,81,92,92,92,100,79,100,90,90,87,100,85,115,115,102,94,92,101,93,93,99,79,88,99,136,111,137,136,129,171,169,170,170,181,185,181,185,226,202,227,230,233,227,235,230,236,236,235,211,227,234,227,227,221,223,226,225,227,226,226,226,227,228,223,227,223,224,223,227,229,242,242,238,239,239,238,241,237,232,227,216,206,208,212,212,225,208,216,207,202,208,204,208,207,171,198,198,178,170,171,174,177,180,177,168,177,168,177,177,177,176,170,170,172,171,174,171,171,165,171,171,158,156,152,0,0,0,0,0,0,0,0,0,0,0,0,0,0,0,0,0,0,0,0,0,0,0,0,0,0,0,0,0,0,0
0,0,0,0,0,0,0,0,0,0,0,84,71,78,109,91,111,83,91,83,72,104,73,80,80,88,80,80,88,81,77,88,80,84,98,85,85,100,87,100,87,84,100,111,98,100,85,100,89,87,114,97,87,100,100,104,99,113,97,101,96,99,98,90,81,78,87,79,93,101,102,85,102,82,93,87,99,87,99,102,92,92,100,93,93,112,117,112,94,109,117,114,117,117,176,176,196,197,222,222,235,238,236,239,228,228,221,236,234,234,225,210,235,208,223,225,225,225,225,221,221,225,225,225,225,225,225,225,225,225,223,224,225,233,233,237,237,237,237,227,232,226,232,225,212,213,214,213,215,211,223,206,203,199,206,188,183,183,174,171,176,172,171,171,177,171,171,171,171,171,177,177,177,171,171,177,170,171,170,165,170,171,163,172,180,164,172,165,0,0,0,0,0,0,0,0,0,0,0,0,0,0,0,0,0,0,0,0,0,0,0,0,0,0,0,0,0,0,0
0,0,0,0,0,0,0,0,0,0,0,59,71,72,74,72,63,63,74,74,71,83,82,82,97,99,73,82,82,82,80,83,84,81,101,84,84,100,85,83,81,101,97,112,114,100,98,85,98,113,85,87,99,113,95,101,96,113,97,101,87,97,91,100,85,80,78,87,99,81,85,81,99,81,81,85,85,93,81,81,81,84,81,99,99,119,79,119,88,96,102,114,133,119,114,171,236,235,234,235,212,236,235,240,241,241,241,241,237,235,236,235,241,235,235,227,228,228,227,228,227,227,224,227,227,224,223,226,227,226,226,227,225,225,233,235,235,228,228,227,227,226,223,226,227,205,208,211,213,196,198,222,208,199,196,206,191,181,181,206,172,186,184,183,171,183,171,183,172,177,186,196,204,184,178,178,178,178,180,181,181,202,175,177,170,165,183,180,0,0,0,0,0,0,0,0,0,0,0,0,0,0,0,0,0,0,0,0,0,0,0,0,0,0,0,0,0,0,0
0,0,0,0,0,0,0,0,0,0,0,78,88,59,64,61,72,63,71,63,58,64,63,72,74,68,71,76,84,78,83,101,80,90,85,90,84,83,87,85,84,85,99,100,85,85,85,97,97,111,87,121,101,101,84,101,95,101,104,113,95,97,97,82,81,79,82,79,81,92,92,81,97,81,81,82,81,82,82,81,81,81,93,93,81,81,94,99,93,92,124,91,114,124,96,126,181,186,199,237,236,236,236,236,236,235,237,229,233,227,237,236,239,230,229,223,221,225,221,210,211,230,239,212,230,235,230,240,240,236,236,240,226,240,228,225,233,237,237,233,227,226,223,227,227,227,212,206,213,213,201,198,201,198,196,188,191,198,196,198,196,188,175,181,184,184,184,172,184,184,174,188,178,196,193,199,196,196,199,207,199,199,197,197,197,207,199,197,0,0,0,0,0,0,0,0,0,0,0,0,0,0,0,0,0,0,0,0,0,0,0,0,0,0,0,0,0,0,0
0,0,0,0,0,0,0,0,0,0,0,59,60,67,68,57,58,64,59,58,58,58,55,58,50,57,56,58,61,80,96,81,80,74,112,83,87,85,100,100,100,101,116,87,112,85,85,102,85,99,108,112,107,81,116,95,127,99,99,96,81,80,81,81,84,81,92,96,100,97,92,99,97,113,115,119,93,120,120,114,95,115,108,109,113,123,95,98,114,94,122,92,119,128,128,98,158,176,222,227,245,227,210,236,227,227,230,226,225,225,235,234,215,230,211,228,229,211,225,225,225,223,223,227,228,241,228,225,227,227,221,221,221,233,227,227,227,227,225,227,227,212,212,205,223,223,212,227,213,215,200,206,208,208,203,203,206,206,206,200,208,207,208,208,208,196,199,198,199,206,206,183,208,198,209,206,206,199,208,206,208,210,213,210,210,210,208,199,0,0,0,0,0,0,0,0,0,0,0,0,0,0,0,0,0,0,0,0,0,0,0,0,0,0,0,0,0,0,0
0,0,0,0,0,0,0,0,0,0,0,59,59,66,66,59,70,59,59,58,60,51,52,51,53,54,55,57,58,58,56,58,78,81,97,100,86,82,84,85,85,87,99,84,100,85,100,88,101,97,85,101,100,95,101,95,85,85,81,88,87,85,85,99,112,100,85,101,99,100,113,104,100,117,102,138,114,143,136,129,113,136,125,136,120,134,119,105,96,96,99,117,94,117,107,95,135,126,176,184,241,230,227,227,222,219,227,219,225,224,198,224,226,233,200,225,236,200,225,227,220,227,221,227,235,227,232,204,223,220,223,218,220,227,221,221,221,221,221,226,211,227,226,223,226,223,208,214,213,201,205,213,213,197,199,199,213,210,211,213,213,213,213,196,206,210,210,210,207,206,198,206,206,208,210,208,208,208,210,210,210,210,204,218,215,214,213,208,0,0,0,0,0,0,0,0,0,0,0,0,0,0,0,0,0,0,0,0,0,0,0,0,0,0,0,0,0,0,0
0,0,0,0,0,0,0,0,0,0,0,57,57,57,63,58,64,64,55,54,55,51,50,54,54,54,55,55,55,58,55,58,57,57,59,80,87,83,99,85,111,85,96,116,85,102,99,84,99,98,85,98,99,97,111,91,100,81,81,81,87,87,101,92,99,98,106,96,115,115,115,115,119,139,87,87,128,112,136,113,119,114,124,124,118,129,110,94,115,115,113,94,117,94,91,92,94,125,183,181,236,227,222,203,219,223,216,219,227,225,227,222,166,227,225,221,219,225,219,206,221,212,226,225,225,226,221,220,215,216,222,216,216,222,221,219,212,212,216,216,221,220,212,211,211,204,201,213,218,201,226,206,226,227,210,205,205,215,211,218,218,218,205,214,211,211,213,208,211,215,208,211,208,210,214,215,210,208,215,223,210,221,220,217,214,210,208,199,0,0,0,0,0,0,0,0,0,0,0,0,0,0,0,0,0,0,0,0,0,0,0,0,0,0,0,0,0,0,0
0,0,0,0,0,0,0,0,0,0,0,52,51,64,64,58,59,53,51,53,47,47,47,52,50,52,52,52,52,55,55,53,54,57,61,57,97,82,81,81,92,85,99,83,85,100,101,98,87,97,81,100,85,78,88,85,88,88,100,101,101,96,85,93,96,100,99,104,111,118,123,121,113,118,87,129,87,106,119,135,107,117,100,108,114,133,100,94,116,119,116,110,94,114,91,114,107,107,176,219,198,212,219,181,221,219,219,212,203,208,222,227,227,226,185,225,219,212,206,206,212,212,207,221,205,212,212,215,215,218,219,212,205,196,200,212,201,212,198,207,201,205,205,204,204,206,206,200,213,207,205,216,208,214,206,213,211,216,223,206,223,223,223,214,212,212,212,215,222,214,214,219,218,220,214,213,216,215,223,224,223,218,222,214,223,208,205,203,0,0,0,0,0,0,0,0,0,0,0,0,0,0,0,0,0,0,0,0,0,0,0,0,0,0,0,0,0,0,0
0,0,0,0,0,0,0,0,0,0,0,48,56,52,54,44,56,47,48,46,46,50,50,50,50,50,51,50,50,50,54,55,57,60,54,59,63,95,100,98,97,97,84,92,99,99,97,87,97,100,84,84,84,85,102,88,78,81,88,84,80,87,100,84,85,82,85,96,116,100,102,113,83,115,110,113,93,117,117,115,93,114,108,117,108,87,120,96,117,115,117,120,107,121,110,105,171,176,204,222,227,219,211,219,221,219,186,227,204,177,226,227,166,192,200,179,182,215,204,207,197,188,183,177,179,194,221,207,202,196,195,195,200,195,192,189,189,189,188,188,196,196,207,212,213,203,213,215,204,208,213,212,214,215,213,213,216,221,212,224,215,214,218,214,214,223,213,222,222,222,222,222,222,222,215,218,218,218,218,218,216,218,216,218,223,213,221,205,0,0,0,0,0,0,0,0,0,0,0,0,0,0,0,0,0,0,0,0,0,0,0,0,0,0,0,0,0,0,0
0,0,0,0,0,0,0,0,0,0,0,29,48,46,46,46,46,46,46,47,46,47,46,46,46,50,50,50,50,50,50,53,55,54,56,63,57,84,95,99,97,84,84,83,81,80,85,85,88,101,84,100,97,88,81,81,81,78,97,81,81,81,81,80,80,80,85,82,100,85,100,100,97,100,124,115,109,98,107,124,124,136,136,136,114,113,121,117,117,117,119,136,122,134,170,227,219,206,215,213,219,219,186,197,219,222,185,221,208,205,175,199,151,176,165,171,150,221,184,170,170,166,155,156,174,178,196,207,189,184,185,185,182,178,184,185,184,182,188,188,186,212,220,213,206,200,208,213,211,203,209,216,213,223,221,215,215,215,214,215,214,218,227,227,217,215,223,230,227,227,228,226,226,232,232,232,225,218,232,232,232,219,232,218,223,215,214,214,0,0,0,0,0,0,0,0,0,0,0,0,0,0,0,0,0,0,0,0,0,0,0,0,0,0,0,0,0,0,0
0,0,0,0,0,0,0,0,0,0,0,34,50,54,50,52,50,50,50,50,50,50,55,55,50,51,52,52,52,52,56,50,56,57,56,56,58,61,59,60,87,99,83,113,87,97,100,100,100,99,100,100,87,87,99,98,85,90,87,87,98,87,99,84,80,81,77,81,97,97,102,127,93,92,115,102,100,129,116,120,106,115,109,110,118,143,115,136,119,126,136,136,141,171,201,212,222,184,184,198,199,219,203,198,188,163,227,199,162,178,169,146,168,177,131,145,138,130,153,134,178,166,158,157,178,201,196,189,189,189,192,189,187,187,193,189,186,189,189,189,194,218,206,206,227,226,205,213,214,216,213,223,231,232,227,232,232,226,217,217,232,234,227,227,214,222,232,230,227,218,230,230,227,215,232,232,232,215,230,215,222,218,223,218,214,215,214,207,0,0,0,0,0,0,0,0,0,0,0,0,0,0,0,0,0,0,0,0,0,0,0,0,0,0,0,0,0,0,0
0,0,0,0,0,0,0,0,0,0,0,50,51,50,57,50,68,63,54,55,55,55,55,54,54,55,58,58,54,50,50,54,54,57,57,56,57,59,56,63,99,85,100,95,99,87,99,78,86,87,101,98,95,96,87,100,101,114,101,95,95,100,119,100,99,84,81,112,96,96,100,116,103,87,98,100,96,116,116,114,118,107,119,106,117,124,113,117,116,136,130,119,134,186,233,233,221,236,236,214,227,214,227,184,203,203,227,221,183,208,118,175,146,143,113,114,125,130,124,115,95,168,157,178,179,178,182,188,189,195,194,195,196,194,194,194,194,194,194,185,200,226,227,216,221,221,230,230,227,233,232,227,232,227,227,227,213,227,232,226,227,227,231,227,214,224,232,227,227,215,232,225,232,223,218,218,228,225,223,218,223,218,214,214,210,207,199,207,0,0,0,0,0,0,0,0,0,0,0,0,0,0,0,0,0,0,0,0,0,0,0,0,0,0,0,0,0,0,0
0,0,0,0,0,0,0,0,0,0,0,51,57,58,58,58,58,58,58,58,55,55,55,57,57,55,58,57,57,57,55,54,53,57,54,55,55,57,56,57,69,61,99,87,95,84,81,86,101,95,99,84,102,102,104,113,100,106,84,100,104,113,113,101,84,80,101,90,96,104,117,96,100,87,93,119,117,113,96,113,106,118,136,119,136,122,113,122,126,176,120,136,119,170,213,186,198,213,171,176,182,222,175,203,175,157,170,221,151,120,171,145,132,109,95,102,113,103,102,113,110,102,171,99,182,175,188,189,189,196,196,193,194,199,199,199,199,199,199,199,214,227,220,221,226,225,225,223,232,232,226,227,215,233,227,227,214,226,215,228,215,215,223,218,214,213,213,213,214,214,214,214,222,215,218,214,214,215,213,213,210,210,210,210,207,210,208,207,0,0,0,0,0,0,0,0,0,0,0,0,0,0,0,0,0,0,0,0,0,0,0,0,0,0,0,0,0,0,0
0,0,0,0,0,0,0,0,0,0,0,58,51,58,58,58,59,68,58,58,58,58,58,53,53,55,63,60,58,57,54,54,54,54,55,54,57,56,57,56,55,56,55,56,83,81,99,78,78,85,85,113,104,104,111,84,104,108,87,127,96,113,100,100,84,85,104,98,113,99,114,106,113,113,113,113,117,99,81,129,87,128,117,102,121,117,115,112,113,114,118,116,112,125,175,177,176,175,184,160,186,165,178,194,168,175,170,117,184,98,183,136,115,102,110,104,106,105,106,105,102,95,95,102,100,193,199,196,193,207,199,199,206,215,213,220,217,213,214,208,213,226,232,232,227,224,230,226,227,226,225,232,226,201,215,215,218,213,214,215,215,215,214,215,213,215,215,211,211,211,211,213,211,210,210,210,210,211,201,210,210,210,210,210,208,208,207,202,0,0,0,0,0,0,0,0,0,0,0,0,0,0,0,0,0,0,0,0,0,0,0,0,0,0,0,0,0,0,0
0,0,0,0,0,0,0,0,0,0,0,51,54,57,55,58,59,59,59,58,58,58,58,57,54,57,58,58,58,53,50,56,54,52,51,56,54,53,53,56,55,54,55,55,60,87,95,99,100,80,100,87,99,98,98,87,100,101,101,91,96,97,87,96,93,96,96,90,120,104,114,120,106,113,93,117,110,172,192,173,123,137,114,116,113,120,114,98,136,110,106,103,117,110,170,178,179,169,171,148,182,170,164,170,124,140,148,139,148,113,109,113,104,112,99,95,95,86,110,89,93,110,105,110,93,95,207,198,216,212,207,200,206,218,223,211,223,227,227,227,225,230,230,215,230,226,213,227,227,215,215,213,213,215,215,215,213,213,205,211,211,211,211,208,211,208,208,206,208,211,205,211,210,206,211,207,207,208,208,207,210,210,201,206,211,208,202,201,0,0,0,0,0,0,0,0,0,0,0,0,0,0,0,0,0,0,0,0,0,0,0,0,0,0,0,0,0,0,0
0,0,0,0,0,0,0,0,0,0,0,50,55,50,50,57,58,64,59,59,57,58,51,53,52,52,52,50,54,50,50,50,50,50,50,48,48,50,53,55,54,53,60,54,60,85,99,100,100,100,99,85,87,97,101,100,100,97,87,100,99,97,101,87,101,101,95,81,87,96,97,97,102,110,98,115,136,109,124,118,95,117,114,96,96,98,99,121,99,114,116,117,109,116,170,160,203,176,176,194,182,163,177,150,125,130,96,116,123,113,132,94,105,103,99,95,104,102,96,95,102,104,92,110,93,118,221,200,215,212,221,221,217,221,220,223,223,215,205,223,221,201,217,204,214,213,215,214,214,211,213,205,213,213,215,206,208,206,205,213,205,205,211,215,215,215,215,215,216,210,210,210,210,211,208,206,215,208,208,201,208,207,205,198,208,202,197,198,0,0,0,0,0,0,0,0,0,0,0,0,0,0,0,0,0,0,0,0,0,0,0,0,0,0,0,0,0,0,0
0,0,0,0,0,0,0,0,0,0,0,48,48,50,48,57,58,50,54,53,53,53,54,56,56,54,55,52,52,52,51,52,51,50,50,50,55,53,53,55,57,53,59,61,56,57,85,85,97,85,98,101,99,100,99,98,90,100,87,100,98,100,102,102,102,101,116,94,98,78,96,84,80,87,80,80,99,85,96,96,112,100,102,115,91,92,98,108,100,110,107,122,121,112,124,170,181,175,184,175,175,159,176,158,131,182,197,148,148,99,110,104,105,102,102,92,105,103,91,95,110,103,100,102,102,106,176,206,200,168,206,205,216,221,221,221,223,220,206,215,213,214,208,213,215,211,200,215,213,206,214,213,213,201,215,213,213,213,213,213,215,213,213,213,213,210,210,210,210,205,205,211,208,208,215,202,207,207,197,200,197,197,197,197,197,207,203,201,0,0,0,0,0,0,0,0,0,0,0,0,0,0,0,0,0,0,0,0,0,0,0,0,0,0,0,0,0,0,0
0,0,0,0,0,0,0,0,0,0,0,48,48,48,48,50,61,52,50,48,48,50,50,48,50,50,49,50,50,50,49,48,48,48,48,48,48,53,54,48,53,56,54,56,60,56,88,83,87,97,100,85,87,102,87,87,84,97,98,101,102,101,101,85,98,104,85,81,85,87,98,81,80,93,99,81,81,84,85,124,100,94,112,102,94,94,91,91,99,116,134,120,100,100,114,115,128,166,159,136,157,132,126,118,114,158,110,116,109,109,105,102,95,103,86,103,105,100,95,102,103,96,93,103,102,93,103,215,199,187,196,195,196,216,214,205,215,213,213,214,217,203,213,208,214,204,215,213,213,206,213,227,227,214,215,215,214,215,214,221,214,214,213,214,213,214,213,210,214,215,213,215,213,210,210,211,211,206,203,213,206,208,208,204,204,201,208,210,0,0,0,0,0,0,0,0,0,0,0,0,0,0,0,0,0,0,0,0,0,0,0,0,0,0,0,0,0,0,0
0,0,0,0,0,0,0,0,0,0,0,48,48,48,48,46,50,50,46,46,46,46,48,48,48,47,47,47,46,47,47,48,52,44,52,50,53,53,52,50,54,54,56,56,55,62,57,87,87,81,101,80,97,99,95,104,100,104,96,104,104,87,96,95,80,78,78,81,80,80,77,81,81,80,75,75,95,81,81,81,84,96,115,117,76,83,116,84,84,114,98,117,96,96,117,99,110,124,119,124,118,120,110,98,106,110,109,122,102,106,104,95,93,100,105,104,104,103,95,103,103,100,103,110,90,104,102,110,136,196,199,206,205,196,214,216,214,214,223,218,214,214,214,223,217,218,221,217,217,217,215,215,215,222,223,223,213,213,213,214,213,227,226,223,222,220,220,221,222,215,208,211,215,220,215,214,223,223,218,222,208,222,223,222,222,225,222,222,0,0,0,0,0,0,0,0,0,0,0,0,0,0,0,0,0,0,0,0,0,0,0,0,0,0,0,0,0,0,0
0,0,0,0,0,0,0,0,0,0,0,46,47,47,45,44,48,46,48,46,46,46,46,47,44,44,44,47,47,50,49,50,50,47,49,48,48,48,49,53,56,56,55,78,61,57,69,74,88,100,101,84,87,96,85,84,95,96,97,100,97,100,90,99,81,81,81,77,77,80,81,80,80,78,80,81,80,77,81,98,80,87,80,87,96,94,94,106,112,94,84,117,101,117,114,114,99,117,114,117,120,129,91,104,103,104,104,103,104,95,95,93,100,102,105,104,104,110,114,105,105,104,110,105,95,110,97,110,95,219,206,184,215,217,214,214,220,214,223,215,223,215,214,215,215,215,223,214,214,223,228,228,227,223,221,221,221,221,221,215,215,222,227,223,217,222,223,223,223,215,215,215,223,222,222,224,224,224,223,223,230,223,218,223,227,227,227,227,0,0,0,0,0,0,0,0,0,0,0,0,0,0,0,0,0,0,0,0,0,0,0,0,0,0,0,0,0,0,0
0,0,0,0,0,0,0,0,0,0,0,45,47,47,43,47,47,47,47,45,45,47,45,42,45,44,39,39,39,44,47,44,44,49,50,48,48,48,48,56,53,50,55,54,56,54,69,67,78,85,93,101,100,101,98,102,90,100,100,100,100,96,99,80,82,97,77,78,81,80,81,80,81,81,78,81,81,81,83,101,77,83,100,87,87,105,87,94,101,95,116,96,96,92,83,98,98,116,99,115,100,80,80,104,104,104,103,99,100,99,93,104,95,103,104,104,104,116,110,113,104,104,104,105,92,99,93,103,102,95,135,141,205,205,215,204,215,215,205,206,222,215,218,215,226,215,226,226,227,215,218,228,228,225,223,227,227,227,227,226,226,227,227,226,226,223,226,224,224,223,228,228,228,228,230,230,230,222,225,230,232,232,232,232,229,229,229,236,0,0,0,0,0,0,0,0,0,0,0,0,0,0,0,0,0,0,0,0,0,0,0,0,0,0,0,0,0,0,0
0,0,0,0,0,0,0,0,0,0,0,46,47,47,35,47,47,47,35,44,44,45,44,43,43,43,43,39,44,39,47,48,42,44,44,48,50,50,50,50,50,53,53,54,56,56,65,57,78,87,73,100,97,98,113,104,101,108,104,100,98,100,103,80,80,80,80,80,80,80,78,78,80,79,81,79,78,81,80,81,82,99,100,80,80,77,82,81,76,92,115,98,77,77,93,77,94,93,83,115,96,96,94,102,104,106,106,95,103,104,102,104,96,101,102,93,109,110,110,104,104,95,102,106,96,96,114,103,95,109,131,103,196,122,201,215,204,206,225,223,230,214,226,218,228,227,227,228,232,233,233,233,227,233,228,228,226,226,227,228,228,228,228,225,229,228,228,228,228,229,229,229,227,232,234,230,229,244,235,239,240,240,240,240,243,245,245,241,0,0,0,0,0,0,0,0,0,0,0,0,0,0,0,0,0,0,0,0,0,0,0,0,0,0,0,0,0,0,0
0,0,0,0,0,0,0,0,0,0,0,47,45,45,47,46,46,44,44,45,45,47,45,39,45,43,43,43,39,43,39,44,44,44,44,46,53,52,55,52,54,53,53,54,78,56,62,87,59,64,67,95,97,101,101,100,94,96,96,96,87,81,80,81,80,77,80,79,77,80,80,80,81,77,80,81,80,86,87,81,82,84,84,90,78,77,80,84,76,84,89,89,96,76,94,91,94,115,87,83,98,93,96,114,103,102,105,95,99,92,91,95,105,105,110,102,109,95,92,93,85,91,96,110,102,102,88,93,105,98,104,92,171,172,150,172,206,206,218,225,225,222,222,229,229,229,229,231,229,231,231,231,231,228,231,229,234,234,234,233,233,233,233,234,225,233,227,228,228,228,234,237,237,235,244,242,244,243,245,245,245,245,246,247,247,245,245,245,0,0,0,0,0,0,0,0,0,0,0,0,0,0,0,0,0,0,0,0,0,0,0,0,0,0,0,0,0,0,0
0,0,0,0,0,0,0,0,0,0,0,48,44,47,47,40,47,45,45,47,43,48,43,42,47,44,39,39,39,45,39,44,44,44,46,50,54,50,53,54,53,53,53,54,56,56,62,64,59,67,64,87,80,83,101,100,100,87,112,77,81,81,77,77,77,76,76,65,65,65,65,65,71,71,81,71,81,81,65,81,81,80,81,80,80,81,80,81,80,80,99,87,79,96,82,101,74,75,74,76,85,86,87,83,104,103,105,103,102,92,103,103,95,102,105,104,135,103,103,103,95,104,102,96,95,104,103,93,97,99,102,103,105,135,172,136,214,232,223,223,233,229,229,218,220,228,225,225,236,226,226,229,233,233,233,233,239,237,237,237,233,237,237,229,237,233,237,240,239,239,240,240,240,239,245,245,245,245,251,248,251,251,245,251,251,251,251,246,0,0,0,0,0,0,0,0,0,0,0,0,0,0,0,0,0,0,0,0,0,0,0,0,0,0,0,0,0,0,0
0,0,0,0,0,0,0,0,0,0,0,48,44,48,50,50,47,48,46,47,48,46,48,48,46,49,48,44,44,48,45,46,49,48,55,52,50,50,55,57,57,56,57,72,84,56,62,62,85,80,61,84,85,78,95,95,82,87,80,77,78,78,78,81,77,77,76,65,64,64,65,65,65,65,65,81,65,65,65,81,75,65,65,65,74,65,80,80,79,87,93,93,90,82,81,80,76,77,74,86,83,91,87,83,103,100,95,95,95,91,103,103,95,104,89,105,105,102,104,102,105,95,93,103,88,103,101,96,90,103,103,103,110,98,199,212,220,212,229,226,225,225,229,208,229,208,232,232,232,237,227,233,236,232,230,228,227,240,230,237,237,228,228,237,237,240,237,240,240,240,240,240,245,246,246,246,245,245,253,252,253,252,253,252,253,252,252,243,0,0,0,0,0,0,0,0,0,0,0,0,0,0,0,0,0,0,0,0,0,0,0,0,0,0,0,0,0,0,0
0,0,0,0,0,0,0,0,0,0,0,47,45,44,43,48,50,50,47,48,49,44,48,52,52,48,48,48,48,48,48,48,48,48,52,50,48,47,54,55,61,55,55,56,59,59,58,55,71,69,69,65,102,81,79,80,80,81,79,81,65,65,65,65,65,65,65,65,65,65,65,65,65,81,65,65,65,65,65,65,65,65,65,65,77,78,78,86,80,87,87,85,85,77,77,87,79,89,85,86,93,92,92,84,91,85,95,103,85,95,103,104,95,103,95,104,102,92,95,104,103,103,104,104,89,95,95,100,100,90,97,95,90,99,100,93,182,178,241,223,227,225,215,220,223,232,226,225,236,214,233,235,237,232,209,240,240,240,228,232,237,228,225,229,237,233,233,240,240,240,241,245,243,240,245,243,245,245,245,245,248,245,245,245,245,245,245,244,0,0,0,0,0,0,0,0,0,0,0,0,0,0,0,0,0,0,0,0,0,0,0,0,0,0,0,0,0,0,0
0,0,0,0,0,0,0,0,0,0,0,33,33,37,37,44,47,48,48,44,49,44,44,44,52,48,50,50,48,54,48,50,50,53,53,53,53,54,55,48,55,55,54,54,55,56,54,56,54,84,55,59,79,65,87,65,65,78,78,79,65,65,81,65,77,65,65,65,81,65,65,65,65,65,65,65,65,65,75,72,78,77,78,78,80,78,78,65,65,80,86,77,80,82,71,78,76,91,72,86,87,87,74,78,87,84,91,89,85,95,88,95,95,95,104,95,92,87,103,125,105,96,103,102,94,86,88,92,98,95,90,93,103,98,95,88,95,189,213,215,204,223,218,214,226,221,237,217,230,225,236,211,233,240,239,240,240,240,230,233,226,225,237,237,237,232,233,232,233,233,234,234,241,234,237,240,241,243,237,243,243,243,243,243,240,242,227,234,0,0,0,0,0,0,0,0,0,0,0,0,0,0,0,0,0,0,0,0,0,0,0,0,0,0,0,0,0,0,0
0,0,0,0,0,0,0,0,0,0,0,39,46,39,47,48,48,50,50,47,48,52,50,48,48,52,50,47,53,53,48,48,48,48,48,48,48,48,48,48,48,48,48,48,50,48,50,54,54,54,54,54,56,72,64,74,84,80,80,80,80,81,71,65,65,65,65,65,65,65,65,65,65,65,65,65,65,65,78,78,65,65,65,65,65,78,65,65,80,80,80,80,79,80,80,79,81,77,80,77,77,77,71,74,78,78,82,86,90,84,91,91,87,98,105,95,92,89,100,104,104,88,92,88,96,98,87,87,94,91,100,102,96,98,88,97,140,201,185,215,195,220,213,213,215,226,222,233,218,236,215,235,233,235,237,237,233,237,220,229,237,237,232,232,233,233,232,232,233,234,234,234,233,233,235,235,234,234,228,229,227,227,224,223,223,212,231,207,0,0,0,0,0,0,0,0,0,0,0,0,0,0,0,0,0,0,0,0,0,0,0,0,0,0,0,0,0,0,0
0,0,0,0,0,0,0,0,0,0,0,39,44,45,45,47,54,50,50,50,48,44,50,48,48,48,48,48,48,48,50,50,48,50,50,50,52,47,50,50,50,50,50,50,50,50,50,50,50,55,54,53,53,53,59,64,65,65,64,65,65,65,65,65,65,65,65,65,65,65,65,65,65,64,64,64,64,72,78,72,72,72,78,78,78,78,77,77,77,65,81,80,80,80,80,79,81,81,71,74,71,72,72,81,74,90,83,78,78,78,84,83,86,95,103,103,101,86,96,97,102,100,83,90,90,87,87,83,86,88,91,88,89,88,102,102,88,134,177,154,172,225,220,218,218,204,221,223,222,237,233,237,236,237,237,233,237,218,232,232,233,233,233,233,232,234,233,229,227,228,233,222,229,232,227,228,223,222,219,214,218,200,208,200,198,190,192,174,0,0,0,0,0,0,0,0,0,0,0,0,0,0,0,0,0,0,0,0,0,0,0,0,0,0,0,0,0,0,0
0,0,0,0,0,0,0,0,0,0,0,24,24,27,27,35,48,48,48,48,50,48,48,48,48,48,48,48,48,45,44,45,44,45,48,48,48,44,55,55,55,56,54,55,53,53,55,55,55,55,55,53,53,53,54,55,64,59,61,59,59,61,61,58,63,61,65,64,65,65,65,65,64,64,64,65,64,64,65,64,64,65,64,64,65,63,63,63,63,62,64,62,64,74,74,71,78,80,80,71,74,80,74,74,74,83,85,95,85,83,78,78,78,103,103,92,91,103,104,99,90,90,82,96,103,103,103,90,83,87,83,89,89,95,88,103,113,108,149,168,208,173,174,178,205,207,218,211,225,227,218,233,237,237,232,231,232,232,233,233,233,233,233,222,228,232,227,221,227,217,223,222,221,214,214,221,222,199,176,175,199,190,176,177,175,172,142,130,0,0,0,0,0,0,0,0,0,0,0,0,0,0,0,0,0,0,0,0,0,0,0,0,0,0,0,0,0,0,0
0,0,0,0,0,0,0,0,0,0,0,18,18,16,16,36,43,39,39,39,39,39,39,39,39,39,39,43,43,47,47,47,52,52,48,46,52,48,47,48,47,48,48,48,53,53,53,47,47,47,47,54,47,47,53,53,60,55,56,57,61,65,65,61,61,57,64,65,65,65,65,65,65,65,65,65,65,65,72,65,65,65,65,65,64,62,63,63,63,62,65,64,64,62,62,64,64,77,80,81,71,63,81,72,72,87,91,86,91,84,85,78,85,84,87,86,87,90,95,90,86,87,96,90,92,91,104,96,86,83,90,90,95,92,89,95,97,94,110,107,117,168,203,118,177,213,177,212,216,212,232,227,227,233,233,233,232,233,233,233,232,229,232,232,225,223,228,227,220,220,220,223,218,198,200,175,182,196,182,162,168,171,163,163,163,139,163,138,0,0,0,0,0,0,0,0,0,0,0,0,0,0,0,0,0,0,0,0,0,0,0,0,0,0,0,0,0,0,0
0,0,0,0,0,0,0,0,0,0,0,39,39,39,39,43,45,43,43,43,42,43,43,43,43,43,43,44,43,48,46,47,46,52,52,52,51,52,52,52,52,52,48,52,50,51,48,48,47,47,47,45,47,45,49,49,50,51,54,54,53,51,57,55,60,63,65,61,63,64,65,64,65,65,65,65,65,65,65,65,65,65,64,64,64,64,64,63,65,63,64,65,62,62,62,62,62,64,63,63,63,63,63,71,83,83,83,91,95,83,85,83,82,89,91,83,94,91,88,106,85,91,95,103,102,99,106,87,83,90,83,87,90,83,91,90,87,108,103,96,98,113,157,181,179,172,189,189,177,201,203,204,213,217,215,214,219,226,218,228,218,227,219,213,215,214,219,212,199,199,200,201,199,175,186,189,175,182,182,157,175,175,175,175,175,162,143,136,0,0,0,0,0,0,0,0,0,0,0,0,0,0,0,0,0,0,0,0,0,0,0,0,0,0,0,0,0,0,0
0,0,0,0,0,0,0,0,0,0,0,45,39,39,39,39,39,43,44,45,45,44,44,45,43,43,45,47,44,47,47,44,47,48,51,48,48,47,48,53,48,48,48,48,51,51,48,48,52,47,47,45,48,48,48,52,52,52,52,51,50,47,53,51,51,52,63,61,61,61,63,65,65,65,65,65,65,65,65,65,65,65,65,64,65,64,65,65,65,64,63,62,63,63,64,62,64,59,59,74,74,74,74,71,71,77,83,94,85,89,83,83,91,96,96,90,86,88,95,94,91,96,89,112,95,95,92,96,94,87,91,90,84,83,90,84,95,79,79,95,88,87,111,104,155,155,150,172,172,192,177,201,200,202,202,202,204,204,202,200,202,200,201,203,199,200,196,200,185,185,178,185,183,182,187,186,182,175,175,138,174,175,181,177,138,174,152,129,0,0,0,0,0,0,0,0,0,0,0,0,0,0,0,0,0,0,0,0,0,0,0,0,0,0,0,0,0,0,0
0,0,0,0,0,0,0,0,0,0,0,39,45,43,43,45,44,44,43,44,44,43,43,43,44,40,45,47,44,45,48,48,44,44,48,48,48,47,47,47,48,48,48,48,43,43,43,43,48,48,47,47,47,52,43,41,48,48,48,41,48,48,48,50,47,51,54,51,50,52,63,65,64,64,63,64,63,63,64,64,64,65,63,64,65,65,64,65,64,63,63,62,62,63,64,63,63,59,59,62,63,64,80,74,80,75,74,90,76,74,74,81,81,96,91,89,91,83,90,87,91,87,86,96,102,103,102,91,90,86,87,86,86,83,86,90,83,73,78,87,91,89,95,103,86,105,130,154,148,152,161,181,196,174,164,187,186,195,191,199,199,195,198,196,184,195,195,188,180,180,182,174,157,175,175,174,175,173,135,168,173,152,164,162,144,163,132,132,0,0,0,0,0,0,0,0,0,0,0,0,0,0,0,0,0,0,0,0,0,0,0,0,0,0,0,0,0,0,0
0,0,0,0,0,0,0,0,0,0,0,41,44,47,48,39,48,48,48,48,48,48,47,47,47,47,47,44,44,44,44,44,44,44,48,49,49,47,46,48,49,49,47,47,48,51,51,52,48,52,48,48,47,48,48,48,48,39,39,39,44,42,44,47,47,48,55,54,51,51,51,51,54,61,63,63,64,61,63,65,65,64,64,64,65,64,64,65,65,63,63,65,62,63,61,61,63,62,63,63,63,63,74,80,75,80,70,90,75,84,84,74,74,81,83,86,86,83,87,83,83,81,96,103,88,88,89,88,96,99,84,86,83,83,86,90,90,90,90,82,90,103,95,100,95,92,98,121,126,165,123,132,160,182,171,168,156,175,173,174,172,174,165,174,175,175,175,175,175,175,174,174,173,169,134,175,163,152,152,152,129,145,129,130,129,143,127,143,0,0,0,0,0,0,0,0,0,0,0,0,0,0,0,0,0,0,0,0,0,0,0,0,0,0,0,0,0,0,0
0,0,0,0,0,0,0,0,0,0,0,43,43,39,47,44,47,48,50,50,45,45,48,48,48,48,51,51,51,48,44,44,47,44,44,44,48,48,47,49,48,47,48,50,48,47,47,47,47,46,46,44,44,46,39,39,39,40,40,40,40,39,40,39,39,44,47,43,48,46,50,48,48,51,63,63,63,61,64,64,63,63,63,63,63,64,63,65,63,63,63,63,63,63,63,64,62,62,62,62,63,63,74,74,63,74,74,80,81,83,83,78,76,72,74,78,81,81,78,78,86,81,89,92,85,85,88,88,90,90,84,95,78,84,90,90,87,87,83,90,90,102,78,87,88,102,97,102,131,143,114,152,139,164,140,166,155,147,171,171,157,172,174,175,174,168,152,138,152,145,143,138,138,132,140,144,144,146,144,130,134,130,134,132,135,143,131,140,0,0,0,0,0,0,0,0,0,0,0,0,0,0,0,0,0,0,0,0,0,0,0,0,0,0,0,0,0,0,0
0,0,0,0,0,0,0,0,0,0,0,36,36,36,36,39,39,48,48,39,50,44,50,50,48,48,48,48,48,47,48,48,48,47,47,47,42,47,49,48,37,43,43,43,43,40,40,40,40,39,39,37,39,39,39,39,39,39,39,39,39,39,44,44,41,44,39,39,44,47,48,48,48,50,48,50,52,63,63,64,63,63,63,62,63,62,64,65,63,63,62,62,63,62,63,63,63,63,62,63,62,63,64,63,63,74,63,74,74,76,90,71,74,80,71,76,76,81,78,83,83,78,90,88,91,95,88,91,88,94,90,90,95,84,82,88,90,82,90,97,89,84,89,93,85,87,92,87,101,98,97,132,120,125,132,158,158,158,123,162,155,144,138,152,153,153,143,144,171,144,138,138,125,138,150,144,130,128,127,127,129,134,122,128,131,127,123,127,0,0,0,0,0,0,0,0,0,0,0,0,0,0,0,0,0,0,0,0,0,0,0,0,0,0,0,0,0,0,0
0,0,0,0,0,0,0,0,0,0,0,35,33,39,33,41,39,44,44,45,45,44,47,39,39,38,38,43,38,39,39,44,44,41,35,35,35,35,35,41,41,41,41,37,37,37,37,37,37,37,37,37,37,39,39,39,39,40,40,40,40,39,39,44,44,44,44,44,39,44,44,44,48,50,50,53,50,50,50,62,63,64,63,64,64,63,63,62,62,63,63,63,62,62,63,63,63,63,62,63,62,63,63,62,63,63,74,62,64,80,76,76,76,75,80,80,76,94,81,86,87,82,78,78,78,84,84,90,100,94,95,90,80,94,93,95,102,102,85,92,84,90,78,83,85,87,92,85,103,95,97,89,101,98,113,113,117,136,128,132,125,146,132,149,140,126,108,107,138,130,130,131,131,143,140,138,140,127,129,123,127,131,121,134,123,122,122,135,0,0,0,0,0,0,0,0,0,0,0,0,0,0,0,0,0,0,0,0,0,0,0,0,0,0,0,0,0,0,0
0,0,0,0,0,0,0,0,0,0,0,40,40,40,40,43,39,39,39,39,39,43,39,38,38,38,38,38,38,43,44,33,33,33,44,44,33,33,33,33,37,38,37,38,38,36,42,38,37,37,36,36,37,37,37,39,37,39,40,40,39,39,39,44,44,44,44,41,39,44,48,48,47,43,48,50,53,50,50,51,50,50,52,63,61,63,61,64,61,63,65,65,63,63,63,63,63,62,63,62,61,61,61,63,63,63,63,59,74,74,74,64,74,74,74,74,76,74,86,90,83,90,78,78,84,84,82,90,88,86,88,91,90,90,91,98,102,90,102,101,92,89,91,78,90,95,85,92,98,96,94,95,95,87,88,111,94,111,98,93,96,101,110,111,118,95,128,129,131,112,116,123,123,123,123,138,130,130,130,128,143,134,140,122,128,135,143,128,0,0,0,0,0,0,0,0,0,0,0,0,0,0,0,0,0,0,0,0,0,0,0,0,0,0,0,0,0,0,0
0,0,0,0,0,0,0,0,0,0,0,36,36,36,36,44,39,39,38,39,39,39,39,38,38,38,38,38,38,42,41,44,44,33,34,33,47,47,33,42,42,38,43,38,41,37,37,37,37,39,39,39,40,40,40,40,39,39,40,39,39,44,44,47,47,43,48,48,48,48,48,48,48,50,50,47,47,45,47,51,50,50,52,52,63,63,62,61,64,64,64,63,63,61,61,61,63,62,63,63,61,61,61,62,63,62,59,59,62,80,72,72,72,81,81,72,72,72,87,78,81,80,84,82,90,82,81,86,95,91,94,96,90,92,90,87,89,101,96,102,94,95,94,78,88,83,78,78,88,85,85,83,102,87,92,97,112,106,105,89,102,101,100,102,97,97,92,110,93,102,101,105,108,105,108,129,127,127,121,123,122,121,123,107,130,138,125,125,0,0,0,0,0,0,0,0,0,0,0,0,0,0,0,0,0,0,0,0,0,0,0,0,0,0,0,0,0,0,0
0,0,0,0,0,0,0,0,0,0,0,36,33,31,33,31,35,35,35,43,43,39,39,38,38,38,38,38,43,43,39,41,33,33,32,34,34,34,33,33,38,36,41,42,37,40,47,48,48,48,48,47,47,47,47,54,51,51,47,53,54,53,54,51,50,50,50,50,54,53,48,50,48,48,48,47,48,48,50,49,50,50,52,61,62,64,61,61,61,65,62,64,64,62,63,63,64,62,62,62,62,63,63,62,59,63,62,63,62,62,62,62,59,59,62,64,75,75,83,83,64,64,81,89,84,83,84,84,81,83,90,86,96,98,91,83,85,90,93,88,92,102,91,78,78,88,89,90,92,81,91,91,85,77,91,89,90,102,97,88,81,81,81,83,87,90,93,90,93,102,93,96,99,101,101,104,101,105,123,112,111,116,104,120,111,122,136,111,0,0,0,0,0,0,0,0,0,0,0,0,0,0,0,0,0,0,0,0,0,0,0,0,0,0,0,0,0,0,0
0,0,0,0,0,0,0,0,0,0,0,35,35,35,33,33,35,35,39,48,45,47,50,47,47,47,48,44,48,44,44,44,42,43,42,42,44,43,44,44,44,37,40,47,47,48,48,50,54,50,52,52,53,50,55,56,56,56,55,61,52,52,51,51,52,52,62,54,50,51,51,51,51,51,50,50,50,51,50,50,50,50,52,51,62,50,62,62,61,64,64,64,64,65,65,65,62,63,63,62,63,62,63,62,63,62,62,59,62,62,62,62,59,59,62,59,59,62,62,62,76,76,72,79,83,78,84,78,80,78,92,90,90,92,95,89,87,90,87,85,102,92,102,95,92,92,90,89,98,85,91,92,92,84,82,83,87,90,102,89,83,83,83,92,93,98,87,100,93,102,102,101,102,108,102,109,106,105,105,107,116,116,122,136,136,111,105,126,0,0,0,0,0,0,0,0,0,0,0,0,0,0,0,0,0,0,0,0,0,0,0,0,0,0,0,0,0,0,0
0,0,0,0,0,0,0,0,0,0,0,35,37,27,37,27,31,31,47,59,59,50,52,53,52,50,48,50,50,50,48,60,48,57,57,52,53,52,50,53,53,53,53,61,59,60,58,61,57,55,50,55,63,64,64,64,63,61,61,61,61,61,61,55,61,55,52,52,52,52,54,55,54,54,52,51,50,52,50,50,51,50,50,50,52,53,58,58,61,60,62,62,64,62,62,64,64,63,63,62,62,62,62,62,62,62,62,62,62,62,62,62,62,62,62,62,62,62,62,62,62,62,63,76,75,83,73,94,84,78,87,95,90,98,103,118,101,117,119,93,85,94,95,94,94,94,99,90,88,91,89,90,88,85,80,80,92,90,92,83,83,90,87,90,90,89,98,93,101,102,102,107,103,106,107,108,123,108,129,129,123,107,107,123,109,111,107,107,0,0,0,0,0,0,0,0,0,0,0,0,0,0,0,0,0,0,0,0,0,0,0,0,0,0,0,0,0,0,0
0,0,0,0,0,0,0,0,0,0,0,39,39,39,39,31,44,39,48,50,51,66,53,53,57,58,57,55,66,56,57,66,66,66,70,68,68,68,68,67,71,66,70,70,72,72,64,65,65,66,66,69,66,66,65,64,63,63,61,61,63,61,59,62,56,55,54,61,52,50,50,51,51,51,50,50,50,50,50,50,50,50,50,50,50,51,53,53,53,53,58,58,58,60,60,62,62,62,62,63,61,62,62,62,62,59,59,59,62,62,62,62,59,62,62,62,62,62,62,62,62,62,63,76,84,82,81,83,84,84,78,95,96,102,108,108,133,110,86,119,113,90,118,96,102,93,99,110,102,93,111,101,93,90,90,98,90,87,81,81,89,89,83,95,92,95,92,87,98,91,90,98,101,102,101,101,101,105,107,101,101,101,101,101,105,105,107,107,0,0,0,0,0,0,0,0,0,0,0,0,0,0,0,0,0,0,0,0,0,0,0,0,0,0,0,0,0,0,0
0,0,0,0,0,0,0,0,0,0,0,47,47,48,45,45,47,48,57,57,47,69,68,57,69,66,71,71,73,73,73,73,73,68,68,66,68,68,72,72,72,71,72,72,72,71,71,71,71,69,70,70,73,69,69,66,66,69,66,69,66,66,65,63,61,59,63,63,61,61,50,50,51,51,52,50,50,50,50,50,50,50,50,50,50,50,50,50,50,50,51,51,58,58,58,59,58,60,59,58,58,62,62,62,59,59,59,59,59,59,62,62,62,62,62,62,62,62,62,62,62,62,80,80,76,79,80,80,83,80,88,81,92,87,95,102,101,105,125,101,98,99,125,109,115,134,131,101,92,92,108,107,101,101,101,96,89,98,90,88,91,98,87,87,93,83,86,90,90,95,97,90,93,102,100,101,102,101,106,107,101,103,103,107,104,107,107,105,0,0,0,0,0,0,0,0,0,0,0,0,0,0,0,0,0,0,0,0,0,0,0,0,0,0,0,0,0,0,0
0,0,0,0,0,0,0,0,0,0,0,51,48,51,50,57,55,57,57,57,53,69,51,59,71,72,72,73,74,74,75,75,72,76,76,76,76,76,82,72,76,76,76,77,76,75,75,75,75,76,76,72,77,71,71,71,65,71,66,71,71,73,71,64,63,61,61,63,59,61,58,62,60,63,61,51,51,51,52,52,50,50,50,50,50,50,50,51,51,51,51,51,51,53,58,59,58,59,59,59,58,58,59,59,59,59,59,62,59,62,62,62,62,62,59,62,62,62,65,62,75,63,76,63,63,84,84,72,74,81,83,87,90,89,87,88,95,90,94,93,86,97,87,87,96,88,92,109,110,90,111,97,97,96,99,96,90,89,89,98,92,87,90,87,81,92,87,90,90,87,90,90,95,93,90,95,93,94,94,99,100,100,101,102,107,121,121,107,0,0,0,0,0,0,0,0,0,0,0,0,0,0,0,0,0,0,0,0,0,0,0,0,0,0,0,0,0,0,0
0,0,0,0,0,0,0,0,0,0,0,51,55,55,57,64,58,58,58,51,57,66,50,65,57,67,67,65,66,69,74,76,73,69,73,68,73,75,73,72,74,72,73,73,73,72,72,72,72,71,71,72,75,71,71,69,71,65,64,65,69,69,66,65,63,64,63,59,59,60,60,60,62,60,61,60,63,60,61,58,58,51,52,52,51,60,58,58,58,58,58,58,58,58,59,58,58,58,58,59,59,59,59,62,59,59,59,59,62,62,62,62,62,83,62,62,62,72,64,75,75,83,84,74,74,78,83,83,80,84,81,78,78,90,90,84,78,84,78,86,92,87,102,96,96,96,99,94,96,93,97,88,96,97,87,88,92,88,92,90,89,91,87,87,94,81,94,78,87,81,87,86,90,93,90,91,90,93,95,95,95,95,95,95,99,98,98,98,0,0,0,0,0,0,0,0,0,0,0,0,0,0,0,0,0,0,0,0,0,0,0,0,0,0,0,0,0,0,0
0,0,0,0,0,0,0,0,0,0,0,48,57,60,55,48,56,56,54,55,54,55,50,57,57,59,59,57,70,70,68,68,69,66,66,71,69,73,73,72,73,72,72,72,72,71,72,72,72,72,72,71,71,71,71,70,69,71,72,64,63,64,63,60,60,63,63,60,59,59,59,61,52,50,61,62,61,52,52,58,58,60,51,51,52,51,58,58,58,58,58,58,60,61,59,59,62,59,59,62,59,59,62,59,59,59,59,62,62,62,62,70,81,75,83,75,75,75,76,76,80,80,80,80,80,79,76,75,80,75,75,75,80,80,81,83,79,81,81,81,98,92,88,90,94,85,98,85,101,101,92,80,88,97,88,87,92,90,92,87,87,83,87,87,80,98,98,78,80,80,87,81,81,97,87,86,93,90,88,95,101,104,98,98,98,97,93,98,0,0,0,0,0,0,0,0,0,0,0,0,0,0,0,0,0,0,0,0,0,0,0,0,0,0,0,0,0,0,0
0,0,0,0,0,0,0,0,0,0,0,48,48,47,47,54,59,47,56,47,47,56,57,51,49,59,51,51,51,58,58,70,69,69,66,66,66,73,73,75,76,76,76,76,76,76,76,71,75,75,71,72,72,71,71,71,71,67,66,64,63,63,60,60,60,63,63,59,59,63,58,60,50,50,50,50,50,50,58,58,58,52,52,52,52,58,58,58,58,52,58,59,59,59,59,59,59,59,62,62,59,62,62,59,62,59,59,59,62,59,59,62,70,74,76,83,75,80,73,78,84,80,76,88,78,75,82,75,74,74,76,76,80,75,80,76,80,83,84,79,81,80,86,78,85,90,92,97,95,92,89,89,92,88,87,87,98,83,88,83,90,91,88,87,87,81,91,81,76,76,76,87,79,80,80,87,80,78,81,87,97,81,88,80,80,92,97,98,0,0,0,0,0,0,0,0,0,0,0,0,0,0,0,0,0,0,0,0,0,0,0,0,0,0,0,0,0,0,0
0,0,0,0,0,0,0,0,0,0,0,51,47,52,59,59,52,54,50,56,56,56,51,51,48,51,48,51,59,49,51,64,66,70,69,69,69,71,71,72,75,73,73,75,75,76,75,77,63,77,77,76,76,76,75,72,66,64,63,65,65,60,61,60,59,59,60,60,59,59,60,58,61,61,60,61,60,60,58,60,59,62,61,61,58,58,58,58,59,59,60,59,59,59,59,59,62,62,62,62,62,62,62,62,62,62,62,62,59,62,62,62,62,62,63,82,68,81,78,88,88,78,78,84,71,80,83,75,79,74,74,75,78,84,80,84,80,61,78,73,84,73,92,92,78,77,77,80,96,92,94,88,88,88,88,98,98,98,98,98,93,87,87,87,89,87,90,81,81,81,87,81,87,87,87,80,80,80,98,92,81,81,98,80,80,80,80,87,0,0,0,0,0,0,0,0,0,0,0,0,0,0,0,0,0,0,0,0,0,0,0,0,0,0,0,0,0,0,0
0,0,0,0,0,0,0,0,0,0,0,48,47,57,44,39,47,45,50,44,52,59,50,59,48,51,47,52,52,54,59,54,70,68,59,58,66,66,66,70,68,69,70,71,71,73,71,71,71,75,69,73,66,69,72,73,72,63,63,63,61,63,61,60,60,60,61,59,59,60,60,60,60,59,60,60,60,59,60,60,60,62,62,62,62,59,59,59,59,59,59,62,62,62,62,62,62,59,59,59,59,59,59,62,59,62,62,62,63,62,62,62,65,63,65,65,65,78,75,83,83,78,89,84,80,80,80,84,83,83,83,83,83,80,81,86,77,86,84,84,84,82,77,72,95,87,90,81,87,97,87,92,85,85,95,97,97,90,97,87,93,90,90,93,93,93,89,89,90,87,81,81,87,87,81,87,80,81,87,92,92,81,81,91,80,80,80,80,0,0,0,0,0,0,0,0,0,0,0,0,0,0,0,0,0,0,0,0,0,0,0,0,0,0,0,0,0,0,0
0,0,0,0,0,0,0,0,0,0,0,47,47,47,47,54,43,52,47,47,54,52,50,57,57,60,54,48,59,51,51,57,59,62,55,56,69,65,70,68,68,66,70,69,69,71,69,71,71,75,71,75,75,71,75,71,72,72,63,63,61,66,63,64,63,60,60,60,59,60,60,58,60,60,60,60,59,58,58,59,51,62,62,62,58,60,60,58,62,62,62,62,62,59,62,59,59,62,59,59,62,62,62,62,62,64,62,79,75,62,76,74,73,71,75,73,75,75,75,80,80,83,81,83,80,83,76,83,78,81,81,81,81,81,78,77,84,84,78,80,78,87,82,82,80,75,89,95,90,90,87,90,90,92,83,95,97,90,95,106,101,98,92,93,90,93,89,91,89,87,90,91,91,87,80,81,80,81,81,87,81,92,88,80,92,80,80,81,0,0,0,0,0,0,0,0,0,0,0,0,0,0,0,0,0,0,0,0,0,0,0,0,0,0,0,0,0,0,0
0,0,0,0,0,0,0,0,0,0,0,52,52,52,52,50,47,47,51,50,47,47,47,47,48,47,47,51,57,50,50,54,61,57,57,69,64,66,69,69,69,69,68,66,70,69,69,70,69,71,71,71,71,69,69,69,69,69,65,65,64,66,63,65,63,60,59,61,61,58,59,58,59,60,55,52,58,58,58,58,60,60,60,60,58,59,58,60,60,60,60,60,58,58,58,62,59,59,59,62,59,62,62,61,61,76,71,62,75,68,83,80,84,80,80,79,70,70,83,83,83,84,89,88,90,82,78,87,78,78,81,89,88,80,80,89,82,89,82,82,83,81,82,83,80,80,88,88,88,90,87,89,87,81,98,90,90,92,92,83,93,93,90,88,87,87,87,93,93,89,91,89,93,89,89,87,90,91,89,98,93,93,98,95,86,86,98,86,0,0,0,0,0,0,0,0,0,0,0,0,0,0,0,0,0,0,0,0,0,0,0,0,0,0,0,0,0,0,0
0,0,0,0,0,0,0,0,0,0,0,50,50,52,52,42,42,42,47,50,47,47,47,47,50,50,50,47,43,43,46,60,55,50,57,50,57,55,65,62,65,66,66,69,66,65,66,70,70,70,70,69,66,64,64,64,66,65,69,69,65,70,70,69,63,61,60,61,60,60,58,58,58,60,54,51,51,51,51,51,50,51,50,50,50,50,53,53,53,51,53,53,53,59,59,58,58,58,62,59,59,59,59,62,61,61,75,61,75,63,62,63,62,75,75,78,83,75,75,81,75,80,83,80,79,80,80,80,78,78,82,90,82,78,78,87,83,78,78,78,78,90,88,95,84,86,87,77,83,83,87,80,90,89,87,80,90,92,90,89,92,83,83,83,83,91,87,91,87,81,87,81,88,87,90,97,93,98,99,100,100,93,100,84,100,98,89,99,0,0,0,0,0,0,0,0,0,0,0,0,0,0,0,0,0,0,0,0,0,0,0,0,0,0,0,0,0,0,0
0,0,0,0,0,0,0,0,0,0,0,50,50,47,48,48,48,47,47,47,47,47,47,47,47,42,47,44,43,43,46,47,47,51,51,55,50,50,55,59,64,63,64,65,67,70,71,72,69,80,77,73,72,72,73,73,72,94,73,73,75,73,72,71,73,61,61,60,60,60,56,57,57,58,52,52,51,50,50,50,50,50,50,50,50,50,50,51,50,50,58,59,58,51,50,51,50,59,59,62,58,58,61,62,59,62,62,59,75,62,62,73,79,73,65,71,80,76,80,80,84,75,83,78,83,80,94,79,90,83,78,78,83,75,75,89,84,78,78,78,82,81,94,84,80,84,80,80,90,82,87,87,82,87,87,89,87,87,80,80,79,79,79,79,87,90,80,79,79,79,79,79,88,79,79,88,80,79,87,81,98,88,87,82,79,79,80,97,0,0,0,0,0,0,0,0,0,0,0,0,0,0,0,0,0,0,0,0,0,0,0,0,0,0,0,0,0,0,0
0,0,0,0,0,0,0,0,0,0,0,35,37,47,47,47,47,46,46,47,48,48,47,47,47,42,42,43,43,43,46,47,47,47,51,51,50,51,54,54,57,57,64,59,66,67,72,73,75,71,74,72,73,75,95,92,77,82,103,101,77,91,70,76,70,66,69,63,63,59,60,58,59,52,50,58,50,50,47,50,51,50,50,50,50,50,50,51,51,50,50,58,58,54,58,58,58,59,59,59,58,58,61,61,61,59,59,62,62,75,75,76,73,62,68,65,71,65,83,72,80,76,68,75,80,75,75,80,90,87,82,89,82,86,94,97,80,89,75,84,89,81,89,90,81,78,78,78,87,81,87,87,87,87,87,80,80,81,81,81,81,87,87,87,80,80,87,87,76,76,76,76,80,87,78,86,82,87,87,84,82,79,80,80,80,79,79,81,0,0,0,0,0,0,0,0,0,0,0,0,0,0,0,0,0,0,0,0,0,0,0,0,0,0,0,0,0,0,0
0,0,0,0,0,0,0,0,0,0,0,47,35,47,35,36,35,35,47,47,47,48,42,42,42,42,44,44,43,43,43,47,47,47,47,51,57,51,51,51,51,50,50,51,54,51,54,61,64,63,63,63,65,73,75,76,76,71,71,71,72,76,77,71,71,71,66,63,63,63,60,61,52,58,57,50,50,47,47,45,50,50,50,50,50,50,50,52,52,50,51,59,59,59,58,58,58,59,59,59,59,59,61,61,61,62,62,62,71,62,72,62,76,62,65,71,68,71,75,78,75,80,75,80,80,74,76,75,78,78,75,79,75,80,80,83,80,80,80,80,75,80,80,80,83,83,83,83,84,84,84,84,89,89,84,84,81,87,88,80,80,83,80,86,87,81,86,86,86,86,86,87,86,89,86,88,89,82,88,79,82,80,79,82,79,86,87,79,0,0,0,0,0,0,0,0,0,0,0,0,0,0,0,0,0,0,0,0,0,0,0,0,0,0,0,0,0,0,0
0,0,0,0,0,0,0,0,0,0,0,31,46,47,38,46,47,35,35,47,43,38,47,42,42,42,43,43,42,43,43,47,47,47,47,54,55,56,51,51,51,51,51,51,51,50,50,53,55,61,63,61,63,65,61,60,63,73,77,76,76,76,77,73,63,71,69,72,63,63,59,60,60,52,52,50,47,50,47,45,44,50,46,46,46,47,50,50,50,47,50,59,59,58,59,59,59,59,59,59,59,59,59,59,59,59,62,64,61,62,62,62,63,63,71,76,63,75,72,68,68,68,68,83,75,75,75,74,75,80,79,80,80,83,80,76,76,80,76,80,80,80,80,80,84,76,83,76,76,76,76,78,75,87,78,78,78,88,87,88,78,78,78,78,78,78,84,84,87,78,78,82,87,86,82,84,87,87,89,80,89,86,88,76,76,78,73,80,0,0,0,0,0,0,0,0,0,0,0,0,0,0,0,0,0,0,0,0,0,0,0,0,0,0,0,0,0,0,0
0,0,0,0,0,0,0,0,0,0,0,38,38,46,36,37,47,47,47,43,48,43,50,50,50,42,42,42,47,42,42,43,43,43,43,43,43,43,43,42,46,44,44,42,42,47,44,42,46,49,50,55,59,61,61,73,61,60,60,73,73,73,71,72,73,63,71,72,70,61,57,59,61,59,59,59,52,52,59,52,50,51,51,51,51,51,51,51,52,52,59,58,53,58,59,58,57,59,59,59,59,59,59,61,59,59,59,62,62,62,62,62,62,62,62,75,64,75,71,71,72,65,71,71,74,75,75,75,75,74,75,75,80,80,83,76,76,83,80,80,80,83,80,75,75,80,83,80,76,80,87,84,87,87,83,75,69,88,78,78,67,79,80,87,78,80,79,80,79,80,79,80,79,86,80,80,80,79,80,86,73,73,74,73,77,79,79,74,0,0,0,0,0,0,0,0,0,0,0,0,0,0,0,0,0,0,0,0,0,0,0,0,0,0,0,0,0,0,0
0,0,0,0,0,0,0,0,0,0,0,41,41,44,37,47,36,36,47,43,47,40,40,40,50,46,47,42,48,48,42,42,42,42,43,47,47,47,43,42,42,42,42,42,44,43,41,46,43,42,42,42,61,42,46,59,54,60,69,61,63,69,72,66,72,69,52,64,65,65,59,57,58,59,57,59,59,59,59,59,60,59,59,59,51,59,58,58,59,59,59,59,59,59,59,59,59,59,59,59,59,59,62,59,59,62,62,62,61,62,59,62,72,72,72,64,63,63,64,72,63,70,71,71,71,76,75,75,75,76,75,83,82,80,84,83,87,75,75,80,80,80,80,80,80,83,83,87,80,83,83,80,75,81,84,81,81,80,87,87,70,80,70,87,87,87,87,87,87,87,84,84,89,84,84,67,88,82,70,77,78,78,74,79,79,79,73,74,0,0,0,0,0,0,0,0,0,0,0,0,0,0,0,0,0,0,0,0,0,0,0,0,0,0,0,0,0,0,0
0,0,0,0,0,0,0,0,0,0,0,41,41,43,31,37,48,47,35,36,36,47,47,47,47,47,44,44,48,47,48,47,47,47,48,47,47,43,40,40,40,40,40,43,40,43,43,40,43,40,40,40,40,40,40,41,44,43,60,61,60,60,60,60,63,66,64,63,59,59,60,58,60,61,59,57,60,60,59,57,52,59,59,57,57,58,60,59,58,58,58,51,57,57,59,59,59,59,59,59,59,59,60,59,62,62,62,62,62,62,62,62,72,64,64,72,63,72,64,64,68,75,64,75,72,72,79,79,75,74,74,80,79,80,80,80,80,76,80,80,80,78,83,89,80,75,81,74,83,79,79,75,78,84,89,90,87,79,87,94,84,90,90,90,95,83,83,81,81,87,80,80,84,89,84,68,86,82,70,70,80,80,76,76,77,79,74,74,0,0,0,0,0,0,0,0,0,0,0,0,0,0,0,0,0,0,0,0,0,0,0,0,0,0,0,0,0,0,0
0,0,0,0,0,0,0,0,0,0,0,31,42,31,31,42,31,42,37,37,43,43,43,47,39,39,47,47,47,42,47,46,42,47,46,47,47,47,42,42,42,46,40,42,40,37,36,44,39,46,39,38,46,40,40,37,38,40,43,42,60,57,57,58,58,51,52,63,63,61,63,61,63,58,58,61,62,61,60,58,54,53,51,51,51,58,59,51,51,51,51,51,51,59,53,53,58,59,60,59,61,61,60,62,64,64,62,62,62,64,62,62,62,62,64,62,64,75,71,75,75,75,80,75,75,75,74,75,74,80,74,75,74,75,75,75,74,75,75,75,83,63,76,78,78,75,84,74,75,82,93,95,87,87,93,90,90,131,88,108,101,139,124,108,124,91,91,81,87,81,81,84,78,87,70,70,70,82,87,79,78,77,74,74,78,78,78,84,0,0,0,0,0,0,0,0,0,0,0,0,0,0,0,0,0,0,0,0,0,0,0,0,0,0,0,0,0,0,0
0,0,0,0,0,0,0,0,0,0,0,31,40,43,43,43,31,37,39,43,37,35,43,36,43,46,42,44,44,42,47,42,42,47,47,43,43,47,43,43,43,43,46,39,40,46,44,34,38,34,43,40,42,35,35,42,36,47,42,37,40,42,42,58,63,63,66,51,60,63,52,63,52,59,61,59,60,61,59,58,51,50,50,51,51,50,47,48,48,47,47,50,50,53,50,53,59,53,52,53,59,58,58,58,62,62,62,62,59,62,62,62,75,75,64,62,62,79,72,63,76,79,79,75,75,79,75,64,80,75,75,75,76,64,64,75,75,68,75,57,57,57,57,72,78,75,75,89,87,86,60,60,83,83,92,101,104,113,131,131,115,131,156,134,111,98,89,87,91,83,81,80,80,88,78,84,80,78,84,79,80,79,76,79,84,84,79,78,0,0,0,0,0,0,0,0,0,0,0,0,0,0,0,0,0,0,0,0,0,0,0,0,0,0,0,0,0,0,0
0,0,0,0,0,0,0,0,0,0,0,29,43,43,29,37,37,37,37,43,31,37,42,43,36,35,38,44,47,42,43,43,39,38,42,42,43,46,42,42,46,47,47,40,40,42,40,40,42,31,33,34,33,34,33,34,38,34,38,43,41,40,46,60,60,52,52,71,54,61,58,69,60,63,58,59,59,58,51,54,50,51,47,50,45,48,45,43,48,47,48,50,50,53,47,51,50,47,50,51,58,53,58,51,61,62,59,58,59,59,62,62,62,62,63,64,62,71,75,74,77,62,62,63,62,61,59,62,74,55,57,59,57,75,78,53,55,53,53,84,86,83,68,78,80,75,87,92,87,87,96,86,139,119,101,134,134,123,134,131,132,125,156,143,92,127,131,92,87,93,89,89,89,78,79,82,86,78,84,76,86,80,84,87,78,78,78,78,0,0,0,0,0,0,0,0,0,0,0,0,0,0,0,0,0,0,0,0,0,0,0,0,0,0,0,0,0,0,0
0,0,0,0,0,0,0,0,0,0,0,31,25,25,31,29,31,37,37,42,42,42,40,33,33,42,42,43,43,43,38,38,38,42,42,43,42,47,42,42,42,42,44,40,40,43,43,33,38,33,30,30,31,31,31,31,34,34,38,33,37,33,40,40,46,45,40,69,59,58,52,69,73,86,67,60,59,65,58,60,59,51,51,50,50,50,49,45,48,45,48,47,45,45,45,45,47,45,51,51,48,47,51,59,59,59,59,59,53,59,59,58,58,61,61,59,61,59,59,59,62,62,62,62,62,62,64,59,62,57,80,75,76,80,75,80,80,80,81,78,78,78,78,78,87,90,101,99,117,92,109,101,122,115,140,141,135,139,139,135,135,140,140,140,137,93,87,134,95,106,98,93,107,90,89,88,80,80,87,87,85,78,78,78,74,74,79,78,0,0,0,0,0,0,0,0,0,0,0,0,0,0,0,0,0,0,0,0,0,0,0,0,0,0,0,0,0,0,0
0,0,0,0,0,0,0,0,0,0,0,30,30,28,29,31,43,33,37,43,31,37,33,42,35,35,38,38,38,38,40,47,40,47,42,42,42,46,38,42,43,44,40,42,42,35,33,38,33,33,33,33,33,33,33,31,33,38,38,38,38,38,38,40,57,45,58,59,71,71,63,60,60,86,102,69,59,71,61,59,52,50,51,50,51,50,47,45,45,48,47,47,45,48,45,47,47,49,45,45,51,47,58,48,47,47,50,50,50,47,47,47,47,53,59,47,47,53,47,63,47,51,62,53,61,62,65,65,80,75,78,84,91,87,91,95,112,111,124,139,132,128,124,127,133,132,132,140,124,134,140,140,132,132,141,140,140,140,140,135,132,134,132,112,131,131,116,87,93,114,114,114,107,100,92,88,90,91,87,87,81,80,86,80,84,78,78,78,0,0,0,0,0,0,0,0,0,0,0,0,0,0,0,0,0,0,0,0,0,0,0,0,0,0,0,0,0,0,0
0,0,0,0,0,0,0,0,0,0,0,29,29,42,29,37,31,43,35,36,38,37,38,35,36,38,40,39,38,38,39,47,46,47,47,47,42,38,38,38,42,42,38,38,38,33,31,31,33,31,31,31,31,31,31,31,31,38,40,40,35,41,38,41,42,41,55,45,41,58,63,47,50,71,64,71,50,47,52,52,50,50,47,50,47,50,45,49,48,48,45,48,45,50,47,47,50,47,50,47,51,58,48,47,46,51,47,46,45,47,46,47,50,50,47,47,53,62,62,74,62,68,76,80,80,83,92,88,104,108,132,116,122,107,98,127,132,134,133,132,132,138,132,134,135,140,132,132,138,135,134,138,138,125,132,131,132,132,132,132,124,132,132,113,125,131,131,131,116,120,134,101,115,120,116,119,126,123,132,90,97,121,106,79,93,87,86,79,0,0,0,0,0,0,0,0,0,0,0,0,0,0,0,0,0,0,0,0,0,0,0,0,0,0,0,0,0,0,0
0,0,0,0,0,0,0,0,0,0,0,29,28,29,43,43,40,35,42,44,43,38,38,43,40,47,40,42,42,43,40,40,46,42,42,42,42,38,38,38,38,38,38,38,33,33,33,30,30,30,30,31,30,30,30,30,31,33,38,43,40,42,44,40,41,44,40,45,51,45,45,60,46,45,51,50,50,47,47,47,47,47,47,46,47,45,45,46,47,48,47,48,46,47,47,47,47,47,51,47,51,47,47,47,47,47,48,47,46,50,45,42,42,46,59,50,50,80,93,108,99,134,118,119,116,122,107,108,133,128,132,132,134,132,128,132,133,132,132,131,134,132,134,134,134,132,133,133,133,132,132,131,132,132,132,132,111,132,134,131,132,132,132,132,117,125,114,125,132,131,131,131,129,131,123,135,134,131,130,125,105,123,127,125,112,120,127,126,0,0,0,0,0,0,0,0,0,0,0,0,0,0,0,0,0,0,0,0,0,0,0,0,0,0,0,0,0,0,0
0,0,0,0,0,0,0,0,0,0,0,28,31,33,43,43,38,38,44,42,33,38,48,42,38,43,44,47,38,38,47,38,38,47,40,44,38,37,38,38,38,38,38,33,33,33,33,31,31,31,31,31,32,31,31,31,31,32,38,38,38,41,37,41,35,44,45,40,40,41,42,51,55,57,51,45,45,45,47,45,45,45,45,47,45,47,47,47,47,47,47,47,50,47,51,51,51,50,51,58,51,47,51,51,58,51,59,51,53,54,53,47,51,59,76,105,107,107,100,107,102,121,122,105,122,107,114,114,132,132,122,122,124,123,123,132,134,125,125,125,127,132,134,134,134,132,135,135,140,134,132,140,135,132,132,137,131,131,132,132,131,131,132,132,117,132,131,131,134,126,134,129,127,120,120,120,122,119,122,127,124,120,123,123,134,126,128,123,0,0,0,0,0,0,0,0,0,0,0,0,0,0,0,0,0,0,0,0,0,0,0,0,0,0,0,0,0,0,0
0,0,0,0,0,0,0,0,0,0,0,31,29,40,31,43,35,35,35,35,35,35,35,47,35,35,35,38,38,42,38,38,38,37,40,44,42,47,38,37,38,38,38,38,38,33,32,38,33,33,31,31,31,31,31,31,31,31,31,37,38,37,33,42,33,33,37,37,41,43,40,47,40,47,63,47,45,45,46,50,51,51,58,58,58,59,51,51,50,50,50,51,58,58,55,47,47,51,58,58,51,59,59,59,58,59,59,61,59,64,63,83,99,86,96,100,107,105,105,122,107,108,124,107,107,107,128,112,122,112,112,124,124,122,123,122,128,134,134,127,128,122,134,131,132,134,133,132,131,140,140,140,140,140,131,157,135,140,131,135,131,131,132,132,132,132,125,132,132,127,124,115,111,123,120,118,108,123,122,120,121,121,128,121,128,124,124,124,0,0,0,0,0,0,0,0,0,0,0,0,0,0,0,0,0,0,0,0,0,0,0,0,0,0,0,0,0,0,0
0,0,0,0,0,0,0,0,0,0,0,25,29,30,26,43,43,43,37,37,31,37,43,38,36,35,37,36,38,46,38,38,38,38,40,42,46,44,42,42,42,42,38,42,42,43,43,40,42,38,38,38,33,38,33,33,33,33,33,37,35,42,37,42,33,33,35,42,41,41,41,41,42,41,47,50,57,58,58,50,57,50,57,57,57,57,60,53,53,59,57,59,51,58,58,58,58,58,58,51,51,59,59,59,62,64,62,59,84,99,86,95,99,94,105,105,105,105,107,107,110,105,107,105,110,111,107,107,107,111,111,122,116,116,116,123,122,117,114,114,116,134,134,131,134,134,132,138,140,141,138,141,141,140,141,115,140,140,140,140,125,131,135,135,135,131,138,132,132,125,128,126,128,121,121,121,123,126,127,123,126,123,123,128,120,118,126,123,0,0,0,0,0,0,0,0,0,0,0,0,0,0,0,0,0,0,0,0,0,0,0,0,0,0,0,0,0,0,0
0,0,0,0,0,0,0,0,0,0,0,23,17,16,16,26,37,37,37,39,30,29,39,42,35,42,41,38,43,38,47,43,40,40,43,47,44,47,40,43,45,40,43,40,40,43,40,37,42,44,35,38,33,42,37,32,33,31,31,37,41,44,44,42,35,33,41,42,40,40,39,43,41,46,50,59,59,63,63,59,59,51,58,58,60,58,59,59,59,59,52,51,51,45,50,50,50,50,45,51,59,59,62,63,62,62,65,89,88,85,105,95,95,107,100,104,104,107,110,112,104,108,113,113,113,113,113,113,105,105,107,107,107,116,116,116,116,123,123,114,124,129,132,132,134,134,135,140,140,140,140,141,141,141,140,140,131,140,132,140,140,140,140,140,132,135,135,134,131,132,131,131,134,132,132,132,126,127,126,127,126,125,126,126,126,125,127,125,0,0,0,0,0,0,0,0,0,0,0,0,0,0,0,0,0,0,0,0,0,0,0,0,0,0,0,0,0,0,0
0,0,0,0,0,0,0,0,0,0,0,43,43,43,31,31,42,42,43,40,31,37,38,44,42,38,37,40,47,46,43,46,44,40,47,47,42,47,40,42,47,37,37,42,40,40,40,46,44,33,33,33,31,38,33,32,31,32,30,33,43,42,38,41,41,42,40,39,45,41,42,57,47,55,54,59,59,61,60,58,58,60,63,63,75,63,58,58,51,58,51,51,50,45,48,47,45,51,51,59,59,59,62,62,62,58,87,82,107,115,115,93,94,99,107,104,105,105,105,104,113,114,113,104,113,104,104,104,104,114,107,117,122,109,112,112,117,117,116,117,127,128,132,134,134,134,134,133,133,134,132,131,132,132,131,132,126,132,132,126,132,131,132,131,134,132,132,131,134,132,134,134,131,131,131,132,131,132,131,131,130,130,115,127,131,130,125,130,0,0,0,0,0,0,0,0,0,0,0,0,0,0,0,0,0,0,0,0,0,0,0,0,0,0,0,0,0,0,0
0,0,0,0,0,0,0,0,0,0,0,30,31,31,31,38,37,42,42,40,31,37,47,42,43,42,42,43,39,39,42,42,38,38,41,35,38,38,42,42,35,42,42,36,32,37,37,37,31,32,32,31,31,31,31,31,34,30,34,35,42,33,36,45,38,41,44,38,41,50,52,45,47,51,59,59,59,57,64,65,65,58,67,63,61,63,60,63,65,50,50,60,47,47,48,54,60,59,71,76,65,68,65,75,78,98,87,93,99,104,104,99,107,104,104,104,104,107,107,107,107,108,108,112,114,114,104,104,111,114,109,111,111,111,123,112,124,124,116,117,132,134,134,131,134,132,134,134,134,132,134,132,132,134,132,134,132,132,131,132,132,132,132,132,132,132,132,132,134,132,132,131,131,131,134,134,126,130,133,131,127,125,132,125,125,125,120,115,0,0,0,0,0,0,0,0,0,0,0,0,0,0,0,0,0,0,0,0,0,0,0,0,0,0,0,0,0,0,0
0,0,0,0,0,0,0,0,0,0,0,42,31,31,38,31,31,31,31,41,31,31,31,31,31,37,42,31,43,42,37,37,37,37,33,36,33,33,33,33,33,33,33,33,33,33,33,32,32,32,33,32,31,31,31,36,31,31,31,31,34,32,35,42,40,44,64,44,40,55,39,58,47,48,47,54,47,57,64,58,58,63,66,79,67,61,67,83,72,69,61,59,59,60,65,65,66,76,77,79,79,63,82,86,88,93,104,104,104,107,104,103,103,104,107,107,107,107,107,112,108,107,112,104,104,104,105,111,107,109,109,112,122,117,118,115,115,115,126,128,124,132,128,134,134,134,134,134,134,134,134,134,131,131,131,131,131,131,135,132,131,131,131,132,134,131,132,134,134,131,131,132,132,132,132,132,126,126,125,120,128,119,118,127,119,117,123,126,0,0,0,0,0,0,0,0,0,0,0,0,0,0,0,0,0,0,0,0,0,0,0,0,0,0,0,0,0,0,0
0,0,0,0,0,0,0,0,0,0,0,31,31,38,31,31,31,43,42,41,37,31,31,31,31,31,31,31,31,31,31,31,37,33,29,33,32,33,36,36,41,42,37,37,36,38,37,37,37,38,43,35,32,33,33,33,32,31,31,36,36,31,36,33,33,42,40,40,55,57,50,50,64,59,61,63,64,60,64,60,72,70,71,74,60,70,72,71,72,63,83,69,71,71,75,81,82,79,69,86,84,95,94,99,107,100,104,98,107,104,105,105,105,107,107,105,105,107,112,102,105,105,107,107,111,108,105,110,107,118,118,118,123,118,117,117,117,122,128,129,128,134,132,132,133,134,134,134,133,134,134,132,131,132,132,134,132,132,132,134,132,135,135,135,134,131,132,131,135,131,120,120,120,120,122,120,120,120,123,123,123,123,123,115,119,123,120,124,0,0,0,0,0,0,0,0,0,0,0,0,0,0,0,0,0,0,0,0,0,0,0,0,0,0,0,0,0,0,0
0,0,0,0,0,0,0,0,0,0,0,37,43,31,31,31,31,31,31,31,37,31,31,30,31,31,31,37,31,31,31,31,33,33,33,33,32,36,31,35,38,37,38,38,38,44,43,43,44,41,42,43,36,38,37,38,38,42,36,34,34,33,33,46,37,38,38,44,44,57,58,51,45,57,63,63,60,63,64,69,63,61,69,61,66,64,73,73,63,59,64,72,64,84,66,77,79,84,74,83,102,99,112,99,112,107,107,104,104,104,112,107,105,105,105,105,105,105,107,102,102,111,107,107,107,108,105,108,112,110,116,107,123,118,118,124,116,116,126,128,128,132,133,134,134,131,131,131,131,131,131,131,131,131,132,132,132,132,134,132,132,132,131,131,134,134,132,134,134,120,120,123,120,119,119,119,126,128,124,125,128,123,123,113,123,122,94,82,0,0,0,0,0,0,0,0,0,0,0,0,0,0,0,0,0,0,0,0,0,0,0,0,0,0,0,0,0,0,0
0,0,0,0,0,0,0,0,0,0,0,31,31,29,28,29,28,28,28,29,31,28,29,29,28,31,30,29,31,29,31,37,29,31,31,33,31,32,31,41,33,33,37,33,37,37,37,41,44,38,42,42,40,35,37,33,36,36,36,36,32,36,36,37,43,40,43,40,40,40,50,42,40,50,45,50,45,47,58,58,50,47,58,47,58,60,57,59,58,59,63,63,60,75,63,84,96,98,104,93,95,112,102,112,102,102,105,102,102,104,104,104,105,105,105,105,102,105,105,107,112,107,104,104,105,105,105,105,105,116,107,113,111,112,112,123,117,117,122,122,128,128,131,131,132,132,131,131,131,132,132,132,132,134,132,134,131,132,132,131,132,132,132,131,132,132,132,131,132,131,127,134,132,131,134,132,134,120,125,120,115,119,127,120,127,119,96,80,0,0,0,0,0,0,0,0,0,0,0,0,0,0,0,0,0,0,0,0,0,0,0,0,0,0,0,0,0,0,0
0,0,0,0,0,0,0,0,0,0,0,26,28,25,25,28,26,29,29,26,29,29,29,28,29,29,28,29,29,37,37,37,29,39,33,31,31,39,31,36,33,36,36,42,40,42,37,41,47,42,42,43,38,34,35,36,36,36,36,33,33,33,33,34,34,40,44,46,46,46,37,38,39,39,47,42,42,59,47,54,58,59,61,71,66,82,63,60,61,61,83,96,97,105,105,105,105,105,107,107,105,104,105,105,105,102,105,105,105,107,105,105,105,105,105,105,105,105,105,107,111,104,105,105,105,107,107,109,109,113,109,112,112,118,122,122,117,117,117,122,124,128,128,131,127,127,127,128,134,134,132,128,128,129,129,134,133,134,132,134,134,132,132,132,132,132,134,131,131,134,131,134,131,134,134,131,134,131,131,131,125,120,120,130,123,130,113,79,0,0,0,0,0,0,0,0,0,0,0,0,0,0,0,0,0,0,0,0,0,0,0,0,0,0,0,0,0,0,0
0,0,0,0,0,0,0,0,0,0,0,26,26,26,25,29,28,25,28,29,28,29,26,28,30,31,30,29,37,29,41,37,29,31,31,32,33,39,33,37,33,37,37,37,38,37,38,38,38,33,37,37,42,33,33,32,36,33,33,33,36,36,33,34,33,40,46,38,50,38,47,38,39,39,50,58,57,58,59,59,74,65,72,82,83,80,97,85,105,72,105,72,102,102,102,105,104,105,102,107,105,98,102,104,102,105,105,105,105,105,102,105,105,112,105,105,111,104,104,104,105,111,107,107,107,108,111,110,117,116,116,114,118,118,122,122,117,115,123,115,122,128,123,124,128,128,128,128,132,132,128,128,128,128,131,134,130,135,134,132,132,132,132,134,132,131,131,135,131,135,131,140,131,131,131,130,134,138,131,131,131,132,120,125,119,127,119,94,0,0,0,0,0,0,0,0,0,0,0,0,0,0,0,0,0,0,0,0,0,0,0,0,0,0,0,0,0,0,0
0,0,0,0,0,0,0,0,0,0,0,26,26,26,24,26,25,25,25,26,24,24,24,25,24,24,28,29,29,30,29,29,31,31,31,30,37,35,33,39,39,36,35,35,38,38,37,38,37,37,37,37,42,33,33,31,31,31,32,31,31,30,38,38,40,38,51,58,60,59,57,61,59,59,61,61,69,73,72,75,98,98,96,95,80,96,105,105,107,104,102,105,105,102,105,105,105,105,105,105,105,104,107,105,102,102,102,102,107,102,105,107,107,104,111,104,105,105,114,107,107,107,107,109,110,111,118,117,118,122,124,124,124,124,124,124,122,124,128,124,122,122,122,122,128,128,128,128,128,132,132,131,128,134,132,131,134,134,134,134,134,134,134,134,134,132,131,134,131,131,131,132,126,131,131,135,130,132,127,134,126,126,134,125,127,126,120,116,0,0,0,0,0,0,0,0,0,0,0,0,0,0,0,0,0,0,0,0,0,0,0,0,0,0,0,0,0,0,0
0,0,0,0,0,0,0,0,0,0,0,19,19,19,23,26,23,23,23,26,25,28,28,28,31,28,26,29,28,29,31,30,28,29,28,30,30,30,31,30,30,31,35,35,37,33,32,33,33,32,33,33,33,32,32,31,31,32,32,32,33,33,41,40,41,40,61,60,78,64,83,97,97,73,95,71,97,86,97,96,97,97,98,99,102,102,105,105,95,104,104,105,105,105,105,105,105,105,102,105,107,104,107,104,105,105,105,105,104,105,105,107,107,107,103,105,105,106,105,105,107,107,109,114,113,116,124,117,118,118,124,124,122,128,128,124,124,124,128,128,122,122,128,128,128,132,132,132,132,132,132,132,134,134,131,131,134,134,134,132,132,132,132,126,130,131,134,132,106,100,106,120,122,100,97,134,97,120,106,97,120,120,116,123,125,127,125,101,0,0,0,0,0,0,0,0,0,0,0,0,0,0,0,0,0,0,0,0,0,0,0,0,0,0,0,0,0,0,0
0,0,0,0,0,0,0,0,0,0,0,25,25,26,26,25,25,25,25,25,25,26,26,25,26,31,28,25,28,27,28,31,28,28,28,31,28,30,30,31,30,30,31,31,31,31,31,31,31,31,31,32,32,31,31,31,33,42,37,38,41,40,42,59,41,78,87,73,73,83,74,73,82,82,86,96,98,102,98,102,105,102,104,104,104,102,104,102,103,103,103,104,104,105,105,105,105,102,102,105,104,102,105,105,107,107,104,107,105,105,105,105,105,105,105,105,105,105,105,105,111,109,111,107,113,111,118,122,118,118,118,124,124,122,122,122,128,122,128,128,134,134,132,128,132,134,132,132,134,134,134,134,134,134,134,132,132,134,134,134,134,132,134,134,132,132,131,130,117,127,127,105,97,86,106,118,100,97,134,108,108,132,120,134,119,125,118,125,0,0,0,0,0,0,0,0,0,0,0,0,0,0,0,0,0,0,0,0,0,0,0,0,0,0,0,0,0,0,0
0,0,0,0,0,0,0,0,0,0,0,25,28,28,26,25,25,25,23,25,25,25,28,26,31,26,25,28,28,27,28,28,28,29,28,28,28,28,31,30,28,28,28,30,31,31,31,29,31,31,32,32,32,33,38,38,35,42,47,50,53,60,63,81,83,83,81,62,73,82,89,97,98,98,98,98,99,99,100,102,102,102,102,102,104,104,104,102,103,103,103,103,102,102,104,98,104,104,104,102,105,107,103,104,104,107,104,105,105,103,104,104,104,105,105,105,105,110,110,110,107,109,107,107,113,113,111,112,112,112,117,117,124,124,122,128,122,105,105,111,96,92,92,92,113,113,111,111,106,122,122,134,134,134,130,125,134,134,134,135,132,135,134,132,132,125,120,134,120,125,132,95,106,105,100,105,100,114,127,120,120,123,131,132,125,127,126,126,0,0,0,0,0,0,0,0,0,0,0,0,0,0,0,0,0,0,0,0,0,0,0,0,0,0,0,0,0,0,0
0,0,0,0,0,0,0,0,0,0,0,25,25,25,24,24,23,23,23,23,26,26,26,26,29,28,27,25,28,28,28,28,29,28,28,28,28,28,28,30,30,28,28,30,31,31,31,31,31,33,33,36,35,37,42,46,47,54,58,70,78,76,62,78,82,80,81,88,91,93,95,97,98,102,102,100,102,102,102,104,98,104,104,104,104,104,104,104,103,103,103,103,102,102,104,104,104,104,105,105,105,102,105,107,105,107,105,105,105,103,105,105,105,105,105,105,105,109,110,109,111,111,113,113,111,111,118,112,117,114,114,112,114,117,118,92,104,96,109,78,74,81,118,117,78,82,78,81,81,81,78,77,72,98,96,108,100,125,109,132,132,131,125,127,125,122,105,131,88,95,106,106,120,104,109,105,106,124,120,106,119,110,120,132,105,126,126,130,0,0,0,0,0,0,0,0,0,0,0,0,0,0,0,0,0,0,0,0,0,0,0,0,0,0,0,0,0,0,0
0,0,0,0,0,0,0,0,0,0,0,25,25,25,25,25,25,25,23,24,27,27,26,28,31,28,28,28,28,26,28,28,28,28,28,30,31,35,30,35,37,37,37,35,33,32,33,36,38,39,50,47,57,46,57,59,60,66,71,73,76,78,87,83,86,92,89,97,98,102,99,102,102,100,102,98,98,98,98,98,98,104,104,104,104,104,104,104,103,103,103,103,102,104,104,104,105,102,105,102,105,103,104,105,105,105,103,103,105,105,108,107,107,108,108,108,108,107,108,109,109,109,114,113,112,112,112,112,112,112,112,112,111,112,85,83,78,82,78,79,118,116,78,80,78,81,73,73,73,73,78,76,73,73,73,78,73,97,97,135,156,131,132,126,106,132,123,120,122,100,95,120,124,120,122,95,100,104,125,123,105,105,125,118,97,125,115,117,0,0,0,0,0,0,0,0,0,0,0,0,0,0,0,0,0,0,0,0,0,0,0,0,0,0,0,0,0,0,0
0,0,0,0,0,0,0,0,0,0,0,23,23,23,24,23,23,23,23,23,27,27,27,26,28,26,26,28,30,26,28,28,28,29,28,28,31,31,28,33,33,36,32,35,37,37,38,42,46,46,43,43,38,39,56,73,78,81,80,83,82,85,89,89,97,99,99,102,99,99,99,100,100,100,100,102,102,102,102,104,98,102,102,104,104,103,104,102,102,102,104,104,105,105,105,105,103,103,104,105,105,105,105,105,105,105,105,105,105,105,105,105,106,108,112,112,112,114,110,110,110,110,111,112,117,117,117,113,111,113,109,109,83,85,112,92,77,81,85,81,81,81,81,78,77,77,73,79,73,73,73,76,76,79,82,85,81,83,83,97,99,96,95,159,157,125,132,94,106,95,111,120,117,105,95,95,96,99,131,97,97,94,127,105,104,124,97,120,0,0,0,0,0,0,0,0,0,0,0,0,0,0,0,0,0,0,0,0,0,0,0,0,0,0,0,0,0,0,0
0,0,0,0,0,0,0,0,0,0,0,24,24,24,24,24,24,23,24,23,23,24,27,27,24,28,28,28,27,29,28,28,28,28,28,31,29,35,31,38,38,42,44,54,56,56,56,58,63,64,63,69,73,73,73,92,92,87,93,93,97,98,98,99,102,102,98,98,98,98,98,102,102,100,102,102,102,102,102,102,102,104,104,102,102,102,102,102,104,104,104,104,102,105,104,105,104,102,103,104,105,103,105,105,104,104,104,105,105,106,108,105,111,111,111,112,117,117,117,117,117,114,117,114,114,117,117,117,111,112,109,109,85,81,84,77,83,81,79,81,78,76,78,75,74,83,72,73,73,81,83,72,72,72,72,72,75,65,65,101,83,81,83,93,83,100,127,100,95,95,107,90,98,98,95,113,106,105,104,97,123,105,118,110,125,94,116,130,0,0,0,0,0,0,0,0,0,0,0,0,0,0,0,0,0,0,0,0,0,0,0,0,0,0,0,0,0,0,0
0,0,0,0,0,0,0,0,0,0,0,25,25,25,25,25,26,25,24,24,27,28,24,26,25,25,29,29,29,28,31,33,35,37,38,42,41,42,43,53,55,59,65,67,78,75,78,81,76,87,92,73,87,90,90,97,97,99,97,98,102,99,99,99,102,102,99,102,102,102,99,102,99,99,102,102,102,102,98,98,99,102,102,102,102,102,102,102,103,103,105,103,103,104,104,104,105,105,105,104,105,103,105,105,104,105,105,105,106,108,112,112,112,111,112,117,114,107,109,117,117,118,108,117,109,109,96,100,110,96,83,84,83,118,118,78,79,80,77,78,77,78,74,73,81,74,72,72,72,73,73,73,73,72,72,70,72,77,80,73,76,80,83,97,89,83,94,86,97,99,97,81,83,106,102,108,102,96,104,105,91,113,113,116,127,106,125,108,0,0,0,0,0,0,0,0,0,0,0,0,0,0,0,0,0,0,0,0,0,0,0,0,0,0,0,0,0,0,0
0,0,0,0,0,0,0,0,0,0,0,25,25,25,25,25,25,25,25,26,28,28,28,29,28,35,33,38,39,51,42,56,59,67,72,80,73,72,92,91,91,74,89,87,87,96,90,90,92,95,97,98,98,99,99,99,99,99,98,98,98,99,98,99,99,99,99,99,99,99,99,102,102,102,102,102,102,102,102,98,98,102,104,104,104,102,102,102,102,102,104,98,104,104,104,104,102,105,105,105,105,104,104,105,105,105,108,112,111,112,112,112,113,112,107,108,109,122,117,116,118,116,118,118,110,105,93,85,114,92,112,87,85,78,81,83,83,74,83,79,77,73,71,71,71,72,75,73,73,76,73,71,72,71,71,71,72,71,72,71,73,73,83,80,79,94,83,97,113,87,89,83,81,83,97,99,97,97,105,93,93,91,97,97,116,119,97,97,0,0,0,0,0,0,0,0,0,0,0,0,0,0,0,0,0,0,0,0,0,0,0,0,0,0,0,0,0,0,0
0,0,0,0,0,0,0,0,0,0,0,25,25,24,25,25,25,29,28,30,31,40,55,47,37,52,54,57,72,68,74,78,83,78,81,91,81,98,98,98,96,102,113,98,103,104,103,98,99,99,99,98,98,98,97,99,99,98,98,98,98,98,98,99,99,99,99,99,99,99,102,102,102,102,102,102,102,102,98,99,99,102,102,102,102,102,102,102,102,102,102,104,104,104,105,104,105,105,105,105,105,105,112,112,111,112,117,117,117,111,107,108,114,114,114,113,118,115,117,116,118,118,117,117,108,114,105,109,112,78,107,95,101,85,85,83,79,77,73,73,73,73,71,71,71,71,72,72,72,76,72,72,72,72,72,72,72,72,72,72,72,72,72,78,80,83,80,86,80,97,100,88,95,97,97,83,88,117,86,81,90,108,115,97,84,97,76,76,0,0,0,0,0,0,0,0,0,0,0,0,0,0,0,0,0,0,0,0,0,0,0,0,0,0,0,0,0,0,0
0,0,0,0,0,0,0,0,0,0,0,25,28,28,41,31,35,38,39,53,59,65,67,68,72,74,77,75,69,87,96,91,82,82,87,93,96,104,96,104,97,97,98,97,98,97,97,97,96,97,97,97,97,98,97,97,97,97,97,99,98,98,98,98,99,99,99,99,99,99,99,99,102,102,102,102,102,102,102,104,99,102,102,102,102,102,102,102,102,104,104,104,104,104,103,103,105,105,104,105,106,108,112,112,112,107,107,117,116,115,115,115,115,107,113,113,118,109,114,112,108,109,109,105,105,92,78,78,78,79,78,114,78,78,77,76,78,72,72,72,76,72,72,72,71,71,71,71,71,71,71,71,72,72,71,71,70,82,78,77,81,72,82,80,81,80,86,83,84,100,102,95,102,105,100,105,105,109,97,107,100,104,83,100,91,90,79,74,0,0,0,0,0,0,0,0,0,0,0,0,0,0,0,0,0,0,0,0,0,0,0,0,0,0,0,0,0,0,0
0,0,0,0,0,0,0,0,0,0,0,30,38,38,42,43,56,44,68,51,50,60,58,67,72,77,81,85,91,96,91,92,96,99,98,97,96,98,98,97,96,97,97,97,97,95,95,97,97,97,97,97,97,97,97,97,97,97,97,99,98,97,98,98,98,98,98,98,99,99,99,102,102,102,102,102,102,102,102,100,100,102,104,102,103,103,104,106,104,104,103,103,104,105,105,105,105,106,106,106,108,108,112,112,105,105,117,112,117,117,112,117,117,111,108,112,116,106,112,106,105,104,100,105,105,77,109,78,85,67,77,77,78,75,73,74,74,73,73,72,71,71,70,70,70,70,71,71,70,70,71,70,70,71,72,72,77,72,73,73,79,83,88,82,83,87,98,100,99,108,93,97,95,95,100,107,106,115,100,107,92,83,85,97,75,90,81,73,0,0,0,0,0,0,0,0,0,0,0,0,0,0,0,0,0,0,0,0,0,0,0,0,0,0,0,0,0,0,0
0,0,0,0,0,0,0,0,0,0,0,51,51,51,53,71,53,69,69,45,61,70,90,90,90,90,91,96,93,96,96,96,97,97,97,97,97,96,96,97,96,96,96,96,92,97,97,96,97,96,97,97,97,97,97,97,98,97,98,98,98,98,98,98,98,99,99,99,99,102,102,102,102,102,102,100,100,103,103,103,104,104,105,105,105,106,108,108,108,108,108,108,110,108,109,109,108,108,108,108,108,108,108,105,105,105,104,105,105,105,108,107,111,105,111,112,109,112,105,105,112,93,93,104,83,111,91,83,80,78,79,79,74,74,76,76,72,72,72,72,72,72,72,72,72,72,72,72,72,72,72,72,72,72,72,73,72,81,73,73,77,81,97,95,81,100,100,96,108,95,97,97,95,100,97,98,90,90,97,90,90,90,83,80,83,83,80,84,0,0,0,0,0,0,0,0,0,0,0,0,0,0,0,0,0,0,0,0,0,0,0,0,0,0,0,0,0,0,0
0,0,0,0,0,0,0,0,0,0,0,68,67,67,68,68,53,68,67,68,90,90,90,90,90,90,91,91,92,92,92,92,95,97,96,96,96,96,96,92,92,92,96,93,92,92,96,97,96,97,96,96,96,97,97,97,97,97,97,98,98,98,99,99,99,99,100,102,102,102,102,102,100,100,104,103,104,105,106,106,106,107,106,108,108,109,112,113,113,113,114,114,114,115,113,109,114,113,113,112,107,105,105,105,105,105,105,106,106,108,108,106,105,106,103,103,103,100,112,78,83,86,99,78,96,78,84,79,77,78,73,74,76,80,79,73,81,74,74,76,76,76,76,76,78,76,78,78,81,74,77,77,83,79,83,73,77,102,77,77,80,79,81,80,80,90,96,100,93,95,115,90,87,108,95,97,107,107,99,98,87,88,78,68,83,83,80,76,0,0,0,0,0,0,0,0,0,0,0,0,0,0,0,0,0,0,0,0,0,0,0,0,0,0,0,0,0,0,0
0,0,0,0,0,0,0,0,0,0,0,90,90,68,73,68,90,90,90,90,90,90,90,90,90,90,92,92,92,92,96,92,92,92,96,96,96,96,97,93,96,96,96,96,92,92,92,97,97,96,96,96,97,97,97,97,97,97,97,98,98,98,98,98,99,102,102,102,102,102,102,100,100,104,104,104,105,106,106,106,106,106,108,112,114,114,113,114,114,114,113,113,113,113,106,108,104,104,105,105,108,108,108,105,105,108,108,108,108,107,105,105,104,98,98,90,93,77,93,87,87,88,87,77,78,78,77,76,72,76,73,73,76,79,81,77,73,77,73,74,74,74,74,75,75,73,72,72,75,75,72,73,72,72,72,72,72,83,82,81,72,79,77,80,80,76,77,86,97,95,81,96,81,95,95,117,86,97,97,86,86,84,83,68,89,82,82,94,0,0,0,0,0,0,0,0,0,0,0,0,0,0,0,0,0,0,0,0,0,0,0,0,0,0,0,0,0,0,0
0,0,0,0,0,0,0,0,0,0,0,90,90,90,90,90,90,90,90,90,90,90,90,90,90,90,90,90,93,93,93,92,92,95,95,96,96,97,96,92,92,92,96,93,92,92,96,97,97,97,97,97,97,97,97,97,97,98,97,98,99,98,102,102,102,100,100,100,100,100,100,102,104,103,104,104,105,105,106,106,105,108,108,108,108,108,108,108,108,108,112,112,108,105,108,105,112,105,103,103,106,106,105,105,106,108,108,108,106,105,105,104,103,98,90,79,85,98,83,78,71,77,77,78,77,77,74,74,73,73,73,74,78,78,76,73,72,73,73,73,78,73,73,73,73,73,73,73,73,73,73,73,73,73,79,73,80,83,73,73,77,83,80,82,82,80,79,80,81,105,97,108,81,95,97,88,83,83,83,89,80,74,81,83,81,82,81,95,0,0,0,0,0,0,0,0,0,0,0,0,0,0,0,0,0,0,0,0,0,0,0,0,0,0,0,0,0,0,0
0,0,0,0,0,0,0,0,0,0,0,89,90,90,90,90,90,90,90,90,90,90,90,90,90,90,90,90,95,93,93,93,92,92,97,95,96,96,96,92,93,96,93,96,92,97,97,96,96,97,97,97,98,98,98,98,98,99,99,100,100,100,102,104,104,107,105,106,106,106,106,103,106,108,106,106,106,106,106,106,103,103,108,108,103,103,106,106,106,106,106,104,103,103,103,105,105,105,105,105,105,105,106,105,106,106,106,106,105,105,105,98,97,101,97,81,103,87,82,83,86,79,75,79,76,73,76,72,72,74,76,77,77,73,78,73,73,74,73,77,73,73,72,72,72,72,72,73,76,77,72,72,80,73,81,79,79,79,71,71,71,81,79,79,72,82,84,83,80,83,87,81,83,87,83,88,88,84,87,100,74,82,80,79,74,81,76,87,0,0,0,0,0,0,0,0,0,0,0,0,0,0,0,0,0,0,0,0,0,0,0,0,0,0,0,0,0,0,0
0,0,0,0,0,0,0,0,0,0,0,89,89,89,90,90,90,90,90,90,90,90,90,90,90,90,90,90,93,93,93,92,92,92,95,96,96,96,96,92,93,96,96,96,92,96,96,96,97,98,99,98,98,98,99,98,104,103,103,104,107,107,108,106,107,107,108,109,106,107,106,106,106,106,106,106,106,108,108,106,104,107,107,103,106,106,104,105,104,104,104,104,104,104,104,105,105,105,106,103,106,106,107,107,106,106,105,106,103,104,109,105,112,105,105,90,87,84,84,82,76,76,74,77,78,77,76,74,77,78,77,77,73,76,78,73,73,73,73,77,72,73,73,72,77,72,73,77,72,72,72,72,72,72,72,77,81,73,71,71,79,81,81,73,70,82,82,81,78,87,81,97,81,81,93,97,86,80,76,78,76,79,69,69,69,73,69,76,0,0,0,0,0,0,0,0,0,0,0,0,0,0,0,0,0,0,0,0,0,0,0,0,0,0,0,0,0,0,0
0,0,0,0,0,0,0,0,0,0,0,89,89,90,89,90,90,90,90,90,90,90,90,90,90,90,90,90,93,93,92,92,92,92,95,96,96,96,96,93,96,96,96,97,96,96,97,97,98,98,98,99,99,105,104,107,108,107,108,108,108,109,108,109,108,108,107,109,108,108,108,110,110,109,109,108,103,108,108,108,104,104,104,104,105,103,104,105,105,104,104,104,103,103,103,105,104,106,106,106,106,106,106,108,108,106,105,109,100,104,105,85,85,107,78,79,79,77,77,71,78,71,71,77,77,73,74,76,77,78,74,73,71,71,71,71,74,74,74,74,72,72,72,72,73,72,73,72,72,73,73,73,73,85,72,73,73,72,82,82,77,82,81,71,70,80,74,81,70,70,88,94,87,88,81,81,79,77,79,79,79,72,73,74,75,74,79,76,0,0,0,0,0,0,0,0,0,0,0,0,0,0,0,0,0,0,0,0,0,0,0,0,0,0,0,0,0,0,0
0,0,0,0,0,0,0,0,0,0,0,89,89,89,89,90,90,90,90,90,90,90,90,90,90,90,90,90,93,92,92,92,92,96,96,96,96,97,96,95,96,97,97,96,98,98,98,99,103,104,104,104,104,108,109,108,107,109,108,108,109,109,107,108,108,111,108,112,111,108,109,109,110,109,107,106,108,106,104,106,103,103,103,104,103,103,103,103,103,103,104,104,104,106,106,106,106,106,106,105,106,108,106,99,98,88,115,87,87,98,85,71,87,78,76,78,77,76,71,77,78,71,71,79,78,72,75,74,73,78,78,73,74,73,73,74,74,74,71,73,73,74,71,71,71,71,72,72,72,70,76,73,73,73,70,70,73,73,70,71,70,71,71,81,71,72,72,79,77,92,100,108,84,83,82,80,76,82,83,83,83,86,78,79,78,80,77,83,0,0,0,0,0,0,0,0,0,0,0,0,0,0,0,0,0,0,0,0,0,0,0,0,0,0,0,0,0,0,0
0,0,0,0,0,0,0,0,0,0,0,89,89,89,89,90,89,90,90,90,90,90,90,90,90,90,90,90,92,92,92,92,92,95,96,95,96,95,96,95,95,97,97,98,98,104,103,107,104,108,104,107,107,105,109,107,109,108,108,109,109,110,109,108,111,111,109,109,112,108,109,109,108,109,104,104,104,103,103,103,103,103,104,104,103,103,103,104,104,103,104,106,106,106,106,106,104,105,103,102,98,77,79,77,77,87,88,87,78,75,77,76,74,77,71,71,76,77,77,78,72,74,77,77,77,76,72,74,74,73,70,70,70,70,70,73,70,70,71,71,71,73,70,71,71,71,70,70,70,72,77,78,81,72,77,77,77,70,70,71,70,70,70,74,73,71,71,70,77,83,137,96,100,87,87,81,81,88,81,86,90,92,83,93,83,90,90,77,0,0,0,0,0,0,0,0,0,0,0,0,0,0,0,0,0,0,0,0,0,0,0,0,0,0,0,0,0,0,0
0,0,0,0,0,0,0,0,0,0,0,89,89,89,89,89,90,90,90,90,90,90,90,90,90,92,92,92,92,95,95,96,96,96,95,95,95,96,96,97,102,98,98,98,103,105,107,105,108,108,107,105,108,107,107,109,107,108,108,108,109,110,108,112,109,109,108,109,109,108,108,108,106,106,106,104,104,103,104,104,104,104,104,106,106,104,105,106,106,106,106,108,108,106,104,103,97,96,88,99,90,77,79,78,79,75,78,77,74,77,71,71,71,71,71,76,77,78,77,77,77,78,77,73,73,73,73,73,72,71,71,71,72,71,72,74,72,71,72,72,70,71,71,71,71,72,71,71,71,70,68,69,68,70,68,70,69,70,70,75,73,65,70,74,70,68,70,70,79,102,106,105,102,82,77,84,80,83,83,83,83,83,83,74,79,84,97,75,0,0,0,0,0,0,0,0,0,0,0,0,0,0,0,0,0,0,0,0,0,0,0,0,0,0,0,0,0,0,0
0,0,0,0,0,0,0,0,0,0,0,0,0,0,0,0,0,0,0,0,0,0,0,0,0,0,0,0,0,0,0,0,0,0,0,0,0,0,0,0,0,0,0,0,0,0,0,0,0,0,0,0,0,0,0,0,0,0,0,0,0,0,0,0,0,0,0,0,0,0,0,0,0,0,0,0,0,0,0,0,0,0,0,0,0,0,0,0,0,0,0,0,0,0,0,0,0,0,0,0,0,0,0,0,0,0,0,0,0,0,0,0,0,0,0,0,0,0,0,0,0,0,0,0,0,0,0,0,0,0,0,0,0,0,0,0,0,0,0,0,0,0,0,0,0,0,0,0,0,0,0,0,0,0,0,0,0,0,0,0,0,0,0,0,0,0,0,0,0,0,0,0,0,0,0,0,0,0,0,0,0,0,0,0,0,0,0,0,0,0,0,0,0,0,0,0,0,0,0,0,0,0,0,0,0,0,0,0,0,0,0,0,0,0,0,0,0,0,0
0,0,0,0,0,0,0,0,0,0,0,0,0,0,0,0,0,0,0,0,0,0,0,0,0,0,0,0,0,0,0,0,0,0,0,0,0,0,0,0,0,0,0,0,0,0,0,0,0,0,0,0,0,0,0,0,0,0,0,0,0,0,0,0,0,0,0,0,0,0,0,0,0,0,0,0,0,0,0,0,0,0,0,0,0,0,0,0,0,0,0,0,0,0,0,0,0,0,0,0,0,0,0,0,0,0,0,0,0,0,0,0,0,0,0,0,0,0,0,0,0,0,0,0,0,0,0,0,0,0,0,0,0,0,0,0,0,0,0,0,0,0,0,0,0,0,0,0,0,0,0,0,0,0,0,0,0,0,0,0,0,0,0,0,0,0,0,0,0,0,0,0,0,0,0,0,0,0,0,0,0,0,0,0,0,0,0,0,0,0,0,0,0,0,0,0,0,0,0,0,0,0,0,0,0,0,0,0,0,0,0,0,0,0,0,0,0,0,0
0,0,0,0,0,0,0,0,0,0,0,0,0,0,0,0,0,0,0,0,0,0,0,0,0,0,0,0,0,0,0,0,0,0,0,0,0,0,0,0,0,0,0,0,0,0,0,0,0,0,0,0,0,0,0,0,0,0,0,0,0,0,0,0,0,0,0,0,0,0,0,0,0,0,0,0,0,0,0,0,0,0,0,0,0,0,0,0,0,0,0,0,0,0,0,0,0,0,0,0,0,0,0,0,0,0,0,0,0,0,0,0,0,0,0,0,0,0,0,0,0,0,0,0,0,0,0,0,0,0,0,0,0,0,0,0,0,0,0,0,0,0,0,0,0,0,0,0,0,0,0,0,0,0,0,0,0,0,0,0,0,0,0,0,0,0,0,0,0,0,0,0,0,0,0,0,0,0,0,0,0,0,0,0,0,0,0,0,0,0,0,0,0,0,0,0,0,0,0,0,0,0,0,0,0,0,0,0,0,0,0,0,0,0,0,0,0,0,0
0,0,0,0,0,0,0,0,0,0,0,0,0,0,0,0,0,0,0,0,0,0,0,0,0,0,0,0,0,0,0,0,0,0,0,0,0,0,0,0,0,0,0,0,0,0,0,0,0,0,0,0,0,0,0,0,0,0,0,0,0,0,0,0,0,0,0,0,0,0,0,0,0,0,0,0,0,0,0,0,0,0,0,0,0,0,0,0,0,0,0,0,0,0,0,0,0,0,0,0,0,0,0,0,0,0,0,0,0,0,0,0,0,0,0,0,0,0,0,0,0,0,0,0,0,0,0,0,0,0,0,0,0,0,0,0,0,0,0,0,0,0,0,0,0,0,0,0,0,0,0,0,0,0,0,0,0,0,0,0,0,0,0,0,0,0,0,0,0,0,0,0,0,0,0,0,0,0,0,0,0,0,0,0,0,0,0,0,0,0,0,0,0,0,0,0,0,0,0,0,0,0,0,0,0,0,0,0,0,0,0,0,0,0,0,0,0,0,0
0,0,0,0,0,0,0,0,0,0,0,0,0,0,0,0,0,0,0,0,0,0,0,0,0,0,0,0,0,0,0,0,0,0,0,0,0,0,0,0,0,0,0,0,0,0,0,0,0,0,0,0,0,0,0,0,0,0,0,0,0,0,0,0,0,0,0,0,0,0,0,0,0,0,0,0,0,0,0,0,0,0,0,0,0,0,0,0,0,0,0,0,0,0,0,0,0,0,0,0,0,0,0,0,0,0,0,0,0,0,0,0,0,0,0,0,0,0,0,0,0,0,0,0,0,0,0,0,0,0,0,0,0,0,0,0,0,0,0,0,0,0,0,0,0,0,0,0,0,0,0,0,0,0,0,0,0,0,0,0,0,0,0,0,0,0,0,0,0,0,0,0,0,0,0,0,0,0,0,0,0,0,0,0,0,0,0,0,0,0,0,0,0,0,0,0,0,0,0,0,0,0,0,0,0,0,0,0,0,0,0,0,0,0,0,0,0,0,0
0,0,0,0,0,0,0,0,0,0,0,0,0,0,0,0,0,0,0,0,0,0,0,0,0,0,0,0,0,0,0,0,0,0,0,0,0,0,0,0,0,0,0,0,0,0,0,0,0,0,0,0,0,0,0,0,0,0,0,0,0,0,0,0,0,0,0,0,0,0,0,0,0,0,0,0,0,0,0,0,0,0,0,0,0,0,0,0,0,0,0,0,0,0,0,0,0,0,0,0,0,0,0,0,0,0,0,0,0,0,0,0,0,0,0,0,0,0,0,0,0,0,0,0,0,0,0,0,0,0,0,0,0,0,0,0,0,0,0,0,0,0,0,0,0,0,0,0,0,0,0,0,0,0,0,0,0,0,0,0,0,0,0,0,0,0,0,0,0,0,0,0,0,0,0,0,0,0,0,0,0,0,0,0,0,0,0,0,0,0,0,0,0,0,0,0,0,0,0,0,0,0,0,0,0,0,0,0,0,0,0,0,0,0,0,0,0,0,0
0,0,0,0,0,0,0,0,0,0,0,0,0,0,0,0,0,0,0,0,0,0,0,0,0,0,0,0,0,0,0,0,0,0,0,0,0,0,0,0,0,0,0,0,0,0,0,0,0,0,0,0,0,0,0,0,0,0,0,0,0,0,0,0,0,0,0,0,0,0,0,0,0,0,0,0,0,0,0,0,0,0,0,0,0,0,0,0,0,0,0,0,0,0,0,0,0,0,0,0,0,0,0,0,0,0,0,0,0,0,0,0,0,0,0,0,0,0,0,0,0,0,0,0,0,0,0,0,0,0,0,0,0,0,0,0,0,0,0,0,0,0,0,0,0,0,0,0,0,0,0,0,0,0,0,0,0,0,0,0,0,0,0,0,0,0,0,0,0,0,0,0,0,0,0,0,0,0,0,0,0,0,0,0,0,0,0,0,0,0,0,0,0,0,0,0,0,0,0,0,0,0,0,0,0,0,0,0,0,0,0,0,0,0,0,0,0,0,0
0,0,0,0,0,0,0,0,0,0,0,0,0,0,0,0,0,0,0,0,0,0,0,0,0,0,0,0,0,0,0,0,0,0,0,0,0,0,0,0,0,0,0,0,0,0,0,0,0,0,0,0,0,0,0,0,0,0,0,0,0,0,0,0,0,0,0,0,0,0,0,0,0,0,0,0,0,0,0,0,0,0,0,0,0,0,0,0,0,0,0,0,0,0,0,0,0,0,0,0,0,0,0,0,0,0,0,0,0,0,0,0,0,0,0,0,0,0,0,0,0,0,0,0,0,0,0,0,0,0,0,0,0,0,0,0,0,0,0,0,0,0,0,0,0,0,0,0,0,0,0,0,0,0,0,0,0,0,0,0,0,0,0,0,0,0,0,0,0,0,0,0,0,0,0,0,0,0,0,0,0,0,0,0,0,0,0,0,0,0,0,0,0,0,0,0,0,0,0,0,0,0,0,0,0,0,0,0,0,0,0,0,0,0,0,0,0,0,0
0,0,0,0,0,0,0,0,0,0,0,0,0,0,0,0,0,0,0,0,0,0,0,0,0,0,0,0,0,0,0,0,0,0,0,0,0,0,0,0,0,0,0,0,0,0,0,0,0,0,0,0,0,0,0,0,0,0,0,0,0,0,0,0,0,0,0,0,0,0,0,0,0,0,0,0,0,0,0,0,0,0,0,0,0,0,0,0,0,0,0,0,0,0,0,0,0,0,0,0,0,0,0,0,0,0,0,0,0,0,0,0,0,0,0,0,0,0,0,0,0,0,0,0,0,0,0,0,0,0,0,0,0,0,0,0,0,0,0,0,0,0,0,0,0,0,0,0,0,0,0,0,0,0,0,0,0,0,0,0,0,0,0,0,0,0,0,0,0,0,0,0,0,0,0,0,0,0,0,0,0,0,0,0,0,0,0,0,0,0,0,0,0,0,0,0,0,0,0,0,0,0,0,0,0,0,0,0,0,0,0,0,0,0,0,0,0,0,0
0,0,0,0,0,0,0,0,0,0,0,0,0,0,0,0,0,0,0,0,0,0,0,0,0,0,0,0,0,0,0,0,0,0,0,0,0,0,0,0,0,0,0,0,0,0,0,0,0,0,0,0,0,0,0,0,0,0,0,0,0,0,0,0,0,0,0,0,0,0,0,0,0,0,0,0,0,0,0,0,0,0,0,0,0,0,0,0,0,0,0,0,0,0,0,0,0,0,0,0,0,0,0,0,0,0,0,0,0,0,0,0,0,0,0,0,0,0,0,0,0,0,0,0,0,0,0,0,0,0,0,0,0,0,0,0,0,0,0,0,0,0,0,0,0,0,0,0,0,0,0,0,0,0,0,0,0,0,0,0,0,0,0,0,0,0,0,0,0,0,0,0,0,0,0,0,0,0,0,0,0,0,0,0,0,0,0,0,0,0,0,0,0,0,0,0,0,0,0,0,0,0,0,0,0,0,0,0,0,0,0,0,0,0,0,0,0,0,0
0,0,0,0,0,0,0,0,0,0,0,0,0,0,0,0,0,0,0,0,0,0,0,0,0,0,0,0,0,0,0,0,0,0,0,0,0,0,0,0,0,0,0,0,0,0,0,0,0,0,0,0,0,0,0,0,0,0,0,0,0,0,0,0,0,0,0,0,0,0,0,0,0,0,0,0,0,0,0,0,0,0,0,0,0,0,0,0,0,0,0,0,0,0,0,0,0,0,0,0,0,0,0,0,0,0,0,0,0,0,0,0,0,0,0,0,0,0,0,0,0,0,0,0,0,0,0,0,0,0,0,0,0,0,0,0,0,0,0,0,0,0,0,0,0,0,0,0,0,0,0,0,0,0,0,0,0,0,0,0,0,0,0,0,0,0,0,0,0,0,0,0,0,0,0,0,0,0,0,0,0,0,0,0,0,0,0,0,0,0,0,0,0,0,0,0,0,0,0,0,0,0,0,0,0,0,0,0,0,0,0,0,0,0,0,0,0,0,0
0,0,0,0,0,0,0,0,0,0,0,0,0,0,0,0,0,0,0,0,0,0,0,0,0,0,0,0,0,0,0,0,0,0,0,0,0,0,0,0,0,0,0,0,0,0,0,0,0,0,0,0,0,0,0,0,0,0,0,0,0,0,0,0,0,0,0,0,0,0,0,0,0,0,0,0,0,0,0,0,0,0,0,0,0,0,0,0,0,0,0,0,0,0,0,0,0,0,0,0,0,0,0,0,0,0,0,0,0,0,0,0,0,0,0,0,0,0,0,0,0,0,0,0,0,0,0,0,0,0,0,0,0,0,0,0,0,0,0,0,0,0,0,0,0,0,0,0,0,0,0,0,0,0,0,0,0,0,0,0,0,0,0,0,0,0,0,0,0,0,0,0,0,0,0,0,0,0,0,0,0,0,0,0,0,0,0,0,0,0,0,0,0,0,0,0,0,0,0,0,0,0,0,0,0,0,0,0,0,0,0,0,0,0,0,0,0,0,0
0,0,0,0,0,0,0,0,0,0,0,0,0,0,0,0,0,0,0,0,0,0,0,0,0,0,0,0,0,0,0,0,0,0,0,0,0,0,0,0,0,0,0,0,0,0,0,0,0,0,0,0,0,0,0,0,0,0,0,0,0,0,0,0,0,0,0,0,0,0,0,0,0,0,0,0,0,0,0,0,0,0,0,0,0,0,0,0,0,0,0,0,0,0,0,0,0,0,0,0,0,0,0,0,0,0,0,0,0,0,0,0,0,0,0,0,0,0,0,0,0,0,0,0,0,0,0,0,0,0,0,0,0,0,0,0,0,0,0,0,0,0,0,0,0,0,0,0,0,0,0,0,0,0,0,0,0,0,0,0,0,0,0,0,0,0,0,0,0,0,0,0,0,0,0,0,0,0,0,0,0,0,0,0,0,0,0,0,0,0,0,0,0,0,0,0,0,0,0,0,0,0,0,0,0,0,0,0,0,0,0,0,0,0,0,0,0,0,0
0,0,0,0,0,0,0,0,0,0,0,0,0,0,0,0,0,0,0,0,0,0,0,0,0,0,0,0,0,0,0,0,0,0,0,0,0,0,0,0,0,0,0,0,0,0,0,0,0,0,0,0,0,0,0,0,0,0,0,0,0,0,0,0,0,0,0,0,0,0,0,0,0,0,0,0,0,0,0,0,0,0,0,0,0,0,0,0,0,0,0,0,0,0,0,0,0,0,0,0,0,0,0,0,0,0,0,0,0,0,0,0,0,0,0,0,0,0,0,0,0,0,0,0,0,0,0,0,0,0,0,0,0,0,0,0,0,0,0,0,0,0,0,0,0,0,0,0,0,0,0,0,0,0,0,0,0,0,0,0,0,0,0,0,0,0,0,0,0,0,0,0,0,0,0,0,0,0,0,0,0,0,0,0,0,0,0,0,0,0,0,0,0,0,0,0,0,0,0,0,0,0,0,0,0,0,0,0,0,0,0,0,0,0,0,0,0,0,0
0,0,0,0,0,0,0,0,0,0,0,0,0,0,0,0,0,0,0,0,0,0,0,0,0,0,0,0,0,0,0,0,0,0,0,0,0,0,0,0,0,0,0,0,0,0,0,0,0,0,0,0,0,0,0,0,0,0,0,0,0,0,0,0,0,0,0,0,0,0,0,0,0,0,0,0,0,0,0,0,0,0,0,0,0,0,0,0,0,0,0,0,0,0,0,0,0,0,0,0,0,0,0,0,0,0,0,0,0,0,0,0,0,0,0,0,0,0,0,0,0,0,0,0,0,0,0,0,0,0,0,0,0,0,0,0,0,0,0,0,0,0,0,0,0,0,0,0,0,0,0,0,0,0,0,0,0,0,0,0,0,0,0,0,0,0,0,0,0,0,0,0,0,0,0,0,0,0,0,0,0,0,0,0,0,0,0,0,0,0,0,0,0,0,0,0,0,0,0,0,0,0,0,0,0,0,0,0,0,0,0,0,0,0,0,0,0,0,0
0,0,0,0,0,0,0,0,0,0,0,0,0,0,0,0,0,0,0,0,0,0,0,0,0,0,0,0,0,0,0,0,0,0,0,0,0,0,0,0,0,0,0,0,0,0,0,0,0,0,0,0,0,0,0,0,0,0,0,0,0,0,0,0,0,0,0,0,0,0,0,0,0,0,0,0,0,0,0,0,0,0,0,0,0,0,0,0,0,0,0,0,0,0,0,0,0,0,0,0,0,0,0,0,0,0,0,0,0,0,0,0,0,0,0,0,0,0,0,0,0,0,0,0,0,0,0,0,0,0,0,0,0,0,0,0,0,0,0,0,0,0,0,0,0,0,0,0,0,0,0,0,0,0,0,0,0,0,0,0,0,0,0,0,0,0,0,0,0,0,0,0,0,0,0,0,0,0,0,0,0,0,0,0,0,0,0,0,0,0,0,0,0,0,0,0,0,0,0,0,0,0,0,0,0,0,0,0,0,0,0,0,0,0,0,0,0,0,0
0,0,0,0,0,0,0,0,0,0,0,0,0,0,0,0,0,0,0,0,0,0,0,0,0,0,0,0,0,0,0,0,0,0,0,0,0,0,0,0,0,0,0,0,0,0,0,0,0,0,0,0,0,0,0,0,0,0,0,0,0,0,0,0,0,0,0,0,0,0,0,0,0,0,0,0,0,0,0,0,0,0,0,0,0,0,0,0,0,0,0,0,0,0,0,0,0,0,0,0,0,0,0,0,0,0,0,0,0,0,0,0,0,0,0,0,0,0,0,0,0,0,0,0,0,0,0,0,0,0,0,0,0,0,0,0,0,0,0,0,0,0,0,0,0,0,0,0,0,0,0,0,0,0,0,0,0,0,0,0,0,0,0,0,0,0,0,0,0,0,0,0,0,0,0,0,0,0,0,0,0,0,0,0,0,0,0,0,0,0,0,0,0,0,0,0,0,0,0,0,0,0,0,0,0,0,0,0,0,0,0,0,0,0,0,0,0,0,0
0,0,0,0,0,0,0,0,0,0,0,0,0,0,0,0,0,0,0,0,0,0,0,0,0,0,0,0,0,0,0,0,0,0,0,0,0,0,0,0,0,0,0,0,0,0,0,0,0,0,0,0,0,0,0,0,0,0,0,0,0,0,0,0,0,0,0,0,0,0,0,0,0,0,0,0,0,0,0,0,0,0,0,0,0,0,0,0,0,0,0,0,0,0,0,0,0,0,0,0,0,0,0,0,0,0,0,0,0,0,0,0,0,0,0,0,0,0,0,0,0,0,0,0,0,0,0,0,0,0,0,0,0,0,0,0,0,0,0,0,0,0,0,0,0,0,0,0,0,0,0,0,0,0,0,0,0,0,0,0,0,0,0,0,0,0,0,0,0,0,0,0,0,0,0,0,0,0,0,0,0,0,0,0,0,0,0,0,0,0,0,0,0,0,0,0,0,0,0,0,0,0,0,0,0,0,0,0,0,0,0,0,0,0,0,0,0,0,0
0,0,0,0,0,0,0,0,0,0,0,0,0,0,0,0,0,0,0,0,0,0,0,0,0,0,0,0,0,0,0,0,0,0,0,0,0,0,0,0,0,0,0,0,0,0,0,0,0,0,0,0,0,0,0,0,0,0,0,0,0,0,0,0,0,0,0,0,0,0,0,0,0,0,0,0,0,0,0,0,0,0,0,0,0,0,0,0,0,0,0,0,0,0,0,0,0,0,0,0,0,0,0,0,0,0,0,0,0,0,0,0,0,0,0,0,0,0,0,0,0,0,0,0,0,0,0,0,0,0,0,0,0,0,0,0,0,0,0,0,0,0,0,0,0,0,0,0,0,0,0,0,0,0,0,0,0,0,0,0,0,0,0,0,0,0,0,0,0,0,0,0,0,0,0,0,0,0,0,0,0,0,0,0,0,0,0,0,0,0,0,0,0,0,0,0,0,0,0,0,0,0,0,0,0,0,0,0,0,0,0,0,0,0,0,0,0,0,0
0,0,0,0,0,0,0,0,0,0,0,0,0,0,0,0,0,0,0,0,0,0,0,0,0,0,0,0,0,0,0,0,0,0,0,0,0,0,0,0,0,0,0,0,0,0,0,0,0,0,0,0,0,0,0,0,0,0,0,0,0,0,0,0,0,0,0,0,0,0,0,0,0,0,0,0,0,0,0,0,0,0,0,0,0,0,0,0,0,0,0,0,0,0,0,0,0,0,0,0,0,0,0,0,0,0,0,0,0,0,0,0,0,0,0,0,0,0,0,0,0,0,0,0,0,0,0,0,0,0,0,0,0,0,0,0,0,0,0,0,0,0,0,0,0,0,0,0,0,0,0,0,0,0,0,0,0,0,0,0,0,0,0,0,0,0,0,0,0,0,0,0,0,0,0,0,0,0,0,0,0,0,0,0,0,0,0,0,0,0,0,0,0,0,0,0,0,0,0,0,0,0,0,0,0,0,0,0,0,0,0,0,0,0,0,0,0,0,0
0,0,0,0,0,0,0,0,0,0,0,0,0,0,0,0,0,0,0,0,0,0,0,0,0,0,0,0,0,0,0,0,0,0,0,0,0,0,0,0,0,0,0,0,0,0,0,0,0,0,0,0,0,0,0,0,0,0,0,0,0,0,0,0,0,0,0,0,0,0,0,0,0,0,0,0,0,0,0,0,0,0,0,0,0,0,0,0,0,0,0,0,0,0,0,0,0,0,0,0,0,0,0,0,0,0,0,0,0,0,0,0,0,0,0,0,0,0,0,0,0,0,0,0,0,0,0,0,0,0,0,0,0,0,0,0,0,0,0,0,0,0,0,0,0,0,0,0,0,0,0,0,0,0,0,0,0,0,0,0,0,0,0,0,0,0,0,0,0,0,0,0,0,0,0,0,0,0,0,0,0,0,0,0,0,0,0,0,0,0,0,0,0,0,0,0,0,0,0,0,0,0,0,0,0,0,0,0,0,0,0,0,0,0,0,0,0,0,0
0,0,0,0,0,0,0,0,0,0,0,0,0,0,0,0,0,0,0,0,0,0,0,0,0,0,0,0,0,0,0,0,0,0,0,0,0,0,0,0,0,0,0,0,0,0,0,0,0,0,0,0,0,0,0,0,0,0,0,0,0,0,0,0,0,0,0,0,0,0,0,0,0,0,0,0,0,0,0,0,0,0,0,0,0,0,0,0,0,0,0,0,0,0,0,0,0,0,0,0,0,0,0,0,0,0,0,0,0,0,0,0,0,0,0,0,0,0,0,0,0,0,0,0,0,0,0,0,0,0,0,0,0,0,0,0,0,0,0,0,0,0,0,0,0,0,0,0,0,0,0,0,0,0,0,0,0,0,0,0,0,0,0,0,0,0,0,0,0,0,0,0,0,0,0,0,0,0,0,0,0,0,0,0,0,0,0,0,0,0,0,0,0,0,0,0,0,0,0,0,0,0,0,0,0,0,0,0,0,0,0,0,0,0,0,0,0,0,0
0,0,0,0,0,0,0,0,0,0,0,0,0,0,0,0,0,0,0,0,0,0,0,0,0,0,0,0,0,0,0,0,0,0,0,0,0,0,0,0,0,0,0,0,0,0,0,0,0,0,0,0,0,0,0,0,0,0,0,0,0,0,0,0,0,0,0,0,0,0,0,0,0,0,0,0,0,0,0,0,0,0,0,0,0,0,0,0,0,0,0,0,0,0,0,0,0,0,0,0,0,0,0,0,0,0,0,0,0,0,0,0,0,0,0,0,0,0,0,0,0,0,0,0,0,0,0,0,0,0,0,0,0,0,0,0,0,0,0,0,0,0,0,0,0,0,0,0,0,0,0,0,0,0,0,0,0,0,0,0,0,0,0,0,0,0,0,0,0,0,0,0,0,0,0,0,0,0,0,0,0,0,0,0,0,0,0,0,0,0,0,0,0,0,0,0,0,0,0,0,0,0,0,0,0,0,0,0,0,0,0,0,0,0,0,0,0,0,0
0,0,0,0,0,0,0,0,0,0,0,0,0,0,0,0,0,0,0,0,0,0,0,0,0,0,0,0,0,0,0,0,0,0,0,0,0,0,0,0,0,0,0,0,0,0,0,0,0,0,0,0,0,0,0,0,0,0,0,0,0,0,0,0,0,0,0,0,0,0,0,0,0,0,0,0,0,0,0,0,0,0,0,0,0,0,0,0,0,0,0,0,0,0,0,0,0,0,0,0,0,0,0,0,0,0,0,0,0,0,0,0,0,0,0,0,0,0,0,0,0,0,0,0,0,0,0,0,0,0,0,0,0,0,0,0,0,0,0,0,0,0,0,0,0,0,0,0,0,0,0,0,0,0,0,0,0,0,0,0,0,0,0,0,0,0,0,0,0,0,0,0,0,0,0,0,0,0,0,0,0,0,0,0,0,0,0,0,0,0,0,0,0,0,0,0,0,0,0,0,0,0,0,0,0,0,0,0,0,0,0,0,0,0,0,0,0,0,0
0,0,0,0,0,0,0,0,0,0,0,0,0,0,0,0,0,0,0,0,0,0,0,0,0,0,0,0,0,0,0,0,0,0,0,0,0,0,0,0,0,0,0,0,0,0,0,0,0,0,0,0,0,0,0,0,0,0,0,0,0,0,0,0,0,0,0,0,0,0,0,0,0,0,0,0,0,0,0,0,0,0,0,0,0,0,0,0,0,0,0,0,0,0,0,0,0,0,0,0,0,0,0,0,0,0,0,0,0,0,0,0,0,0,0,0,0,0,0,0,0,0,0,0,0,0,0,0,0,0,0,0,0,0,0,0,0,0,0,0,0,0,0,0,0,0,0,0,0,0,0,0,0,0,0,0,0,0,0,0,0,0,0,0,0,0,0,0,0,0,0,0,0,0,0,0,0,0,0,0,0,0,0,0,0,0,0,0,0,0,0,0,0,0,0,0,0,0,0,0,0,0,0,0,0,0,0,0,0,0,0,0,0,0,0,0,0,0,0
0,0,0,0,0,0,0,0,0,0,0,0,0,0,0,0,0,0,0,0,0,0,0,0,0,0,0,0,0,0,0,0,0,0,0,0,0,0,0,0,0,0,0,0,0,0,0,0,0,0,0,0,0,0,0,0,0,0,0,0,0,0,0,0,0,0,0,0,0,0,0,0,0,0,0,0,0,0,0,0,0,0,0,0,0,0,0,0,0,0,0,0,0,0,0,0,0,0,0,0,0,0,0,0,0,0,0,0,0,0,0,0,0,0,0,0,0,0,0,0,0,0,0,0,0,0,0,0,0,0,0,0,0,0,0,0,0,0,0,0,0,0,0,0,0,0,0,0,0,0,0,0,0,0,0,0,0,0,0,0,0,0,0,0,0,0,0,0,0,0,0,0,0,0,0,0,0,0,0,0,0,0,0,0,0,0,0,0,0,0,0,0,0,0,0,0,0,0,0,0,0,0,0,0,0,0,0,0,0,0,0,0,0,0,0,0,0,0,0
0,0,0,0,0,0,0,0,0,0,0,0,0,0,0,0,0,0,0,0,0,0,0,0,0,0,0,0,0,0,0,0,0,0,0,0,0,0,0,0,0,0,0,0,0,0,0,0,0,0,0,0,0,0,0,0,0,0,0,0,0,0,0,0,0,0,0,0,0,0,0,0,0,0,0,0,0,0,0,0,0,0,0,0,0,0,0,0,0,0,0,0,0,0,0,0,0,0,0,0,0,0,0,0,0,0,0,0,0,0,0,0,0,0,0,0,0,0,0,0,0,0,0,0,0,0,0,0,0,0,0,0,0,0,0,0,0,0,0,0,0,0,0,0,0,0,0,0,0,0,0,0,0,0,0,0,0,0,0,0,0,0,0,0,0,0,0,0,0,0,0,0,0,0,0,0,0,0,0,0,0,0,0,0,0,0,0,0,0,0,0,0,0,0,0,0,0,0,0,0,0,0,0,0,0,0,0,0,0,0,0,0,0,0,0,0,0,0,0
0,0,0,0,0,0,0,0,0,0,0,0,0,0,0,0,0,0,0,0,0,0,0,0,0,0,0,0,0,0,0,0,0,0,0,0,0,0,0,0,0,0,0,0,0,0,0,0,0,0,0,0,0,0,0,0,0,0,0,0,0,0,0,0,0,0,0,0,0,0,0,0,0,0,0,0,0,0,0,0,0,0,0,0,0,0,0,0,0,0,0,0,0,0,0,0,0,0,0,0,0,0,0,0,0,0,0,0,0,0,0,0,0,0,0,0,0,0,0,0,0,0,0,0,0,0,0,0,0,0,0,0,0,0,0,0,0,0,0,0,0,0,0,0,0,0,0,0,0,0,0,0,0,0,0,0,0,0,0,0,0,0,0,0,0,0,0,0,0,0,0,0,0,0,0,0,0,0,0,0,0,0,0,0,0,0,0,0,0,0,0,0,0,0,0,0,0,0,0,0,0,0,0,0,0,0,0,0,0,0,0,0,0,0,0,0,0,0,0
0,0,0,0,0,0,0,0,0,0,0,0,0,0,0,0,0,0,0,0,0,0,0,0,0,0,0,0,0,0,0,0,0,0,0,0,0,0,0,0,0,0,0,0,0,0,0,0,0,0,0,0,0,0,0,0,0,0,0,0,0,0,0,0,0,0,0,0,0,0,0,0,0,0,0,0,0,0,0,0,0,0,0,0,0,0,0,0,0,0,0,0,0,0,0,0,0,0,0,0,0,0,0,0,0,0,0,0,0,0,0,0,0,0,0,0,0,0,0,0,0,0,0,0,0,0,0,0,0,0,0,0,0,0,0,0,0,0,0,0,0,0,0,0,0,0,0,0,0,0,0,0,0,0,0,0,0,0,0,0,0,0,0,0,0,0,0,0,0,0,0,0,0,0,0,0,0,0,0,0,0,0,0,0,0,0,0,0,0,0,0,0,0,0,0,0,0,0,0,0,0,0,0,0,0,0,0,0,0,0,0,0,0,0,0,0,0,0,0
0,0,0,0,0,0,0,0,0,0,0,0,0,0,0,0,0,0,0,0,0,0,0,0,0,0,0,0,0,0,0,0,0,0,0,0,0,0,0,0,0,0,0,0,0,0,0,0,0,0,0,0,0,0,0,0,0,0,0,0,0,0,0,0,0,0,0,0,0,0,0,0,0,0,0,0,0,0,0,0,0,0,0,0,0,0,0,0,0,0,0,0,0,0,0,0,0,0,0,0,0,0,0,0,0,0,0,0,0,0,0,0,0,0,0,0,0,0,0,0,0,0,0,0,0,0,0,0,0,0,0,0,0,0,0,0,0,0,0,0,0,0,0,0,0,0,0,0,0,0,0,0,0,0,0,0,0,0,0,0,0,0,0,0,0,0,0,0,0,0,0,0,0,0,0,0,0,0,0,0,0,0,0,0,0,0,0,0,0,0,0,0,0,0,0,0,0,0,0,0,0,0,0,0,0,0,0,0,0,0,0,0,0,0,0,0,0,0,0
0,0,0,0,0,0,0,0,0,0,0,0,0,0,0,0,0,0,0,0,0,0,0,0,0,0,0,0,0,0,0,0,0,0,0,0,0,0,0,0,0,0,0,0,0,0,0,0,0,0,0,0,0,0,0,0,0,0,0,0,0,0,0,0,0,0,0,0,0,0,0,0,0,0,0,0,0,0,0,0,0,0,0,0,0,0,0,0,0,0,0,0,0,0,0,0,0,0,0,0,0,0,0,0,0,0,0,0,0,0,0,0,0,0,0,0,0,0,0,0,0,0,0,0,0,0,0,0,0,0,0,0,0,0,0,0,0,0,0,0,0,0,0,0,0,0,0,0,0,0,0,0,0,0,0,0,0,0,0,0,0,0,0,0,0,0,0,0,0,0,0,0,0,0,0,0,0,0,0,0,0,0,0,0,0,0,0,0,0,0,0,0,0,0,0,0,0,0,0,0,0,0,0,0,0,0,0,0,0,0,0,0,0,0,0,0,0,0,0
