0,0,0,0,0,0,0,0,0,0,0,0,0,0,0,0,0,0,0,0,0,0,0,0,0,0,0,0,0,0,0,0,0,0,0,0,0,0,0,0,0,0,0,0,0,0,0,0,0,0,0,0,0,0,0,0,0,0,0,0,0,0,0,0,0,0,0,0,0,0,0,0,0,0,0,0,0,0,0,0,0,0,0,0,0,0,0,0,0,0,0,0,0,0,0,0,0,0,0,0,0,0,0,0,0,0,0,0,0,0,0,0,0,0,0,0,0,0,0,0,0,0,0,0,0,0,0,0,0,0,0,0,0,0,0,0,0,0,0,0,0,0,0,0,0,0,0,0,0,0,0,0,0,0,0,0,0,0,0,0,0,0,0,0,0,0,0,0,0,0,0,0,0,0,0,0,0,0,0,0,0,0,0,0,0,0,0,0,0,0,0,0,0,0,0,0,0,0,0,0,0,0,0,0,0,0,0,0,0,0,0,0,0,0,0,0,0,0,0
0,0,0,0,0,0,0,0,0,0,0,0,0,0,0,0,0,0,0,0,0,0,0,0,0,0,0,0,0,0,0,0,0,0,0,0,0,0,0,0,0,0,0,0,0,0,0,0,0,0,0,0,0,0,0,0,0,0,0,0,0,0,0,0,0,0,0,0,0,0,0,0,0,0,0,0,0,0,0,0,0,0,0,0,0,0,0,0,0,0,0,0,0,0,0,0,0,0,0,0,0,0,0,0,0,0,0,0,0,0,0,0,0,0,0,0,0,0,0,0,0,0,0,0,0,0,0,0,0,0,0,0,0,0,0,0,0,0,0,0,0,0,0,0,0,0,0,0,0,0,0,0,0,0,0,0,0,0,0,0,0,0,0,0,0,0,0,0,0,0,0,0,0,0,0,0,0,0,0,0,0,0,0,0,0,0,0,0,0,0,0,0,0,0,0,0,0,0,0,0,0,0,0,0,0,0,0,0,0,0,0,0,0,0,0,0,0,0,0
0,0,0,0,0,0,0,0,0,0,0,0,0,0,0,0,0,0,0,0,0,0,0,0,0,0,0,0,0,0,0,0,0,0,0,0,0,0,0,0,0,0,0,0,0,0,0,0,0,0,0,0,0,0,0,0,0,0,0,0,0,0,0,0,0,0,0,0,0,0,0,0,0,0,0,0,0,0,0,0,0,0,0,0,0,0,0,0,0,0,0,0,0,0,0,0,0,0,0,0,0,0,0,0,0,0,0,0,0,0,0,0,0,0,0,0,0,0,0,0,0,0,0,0,0,0,0,0,0,0,0,0,0,0,0,0,0,0,0,0,0,0,0,0,0,0,0,0,0,0,0,0,0,0,0,0,0,0,0,0,0,0,0,0,0,0,0,0,0,0,0,0,0,0,0,0,0,0,0,0,0,0,0,0,0,0,0,0,0,0,0,0,0,0,0,0,0,0,0,0,0,0,0,0,0,0,0,0,0,0,0,0,0,0,0,0,0,0,0
0,0,0,0,0,0,0,0,0,0,0,0,0,0,0,0,0,0,0,0,0,0,0,0,0,0,0,0,0,0,0,0,0,0,0,0,0,0,0,0,0,0,0,0,0,0,0,0,0,0,0,0,0,0,0,0,0,0,0,0,0,0,0,0,0,0,0,0,0,0,0,0,0,0,0,0,0,0,0,0,0,0,0,0,0,0,0,0,0,0,0,0,0,0,0,0,0,0,0,0,0,0,0,0,0,0,0,0,0,0,0,0,0,0,0,0,0,0,0,0,0,0,0,0,0,0,0,0,0,0,0,0,0,0,0,0,0,0,0,0,0,0,0,0,0,0,0,0,0,0,0,0,0,0,0,0,0,0,0,0,0,0,0,0,0,0,0,0,0,0,0,0,0,0,0,0,0,0,0,0,0,0,0,0,0,0,0,0,0,0,0,0,0,0,0,0,0,0,0,0,0,0,0,0,0,0,0,0,0,0,0,0,0,0,0,0,0,0,0
0,0,0,0,0,0,0,0,0,0,0,0,0,0,0,0,0,0,0,0,0,0,0,0,0,0,0,0,0,0,0,0,0,0,0,0,0,0,0,0,0,0,0,0,0,0,0,0,0,0,0,0,0,0,0,0,0,0,0,0,0,0,0,0,0,0,0,0,0,0,0,0,0,0,0,0,0,0,0,0,0,0,0,0,0,0,0,0,0,0,0,0,0,0,0,0,0,0,0,0,0,0,0,0,0,0,0,0,0,0,0,0,0,0,0,0,0,0,0,0,0,0,0,0,0,0,0,0,0,0,0,0,0,0,0,0,0,0,0,0,0,0,0,0,0,0,0,0,0,0,0,0,0,0,0,0,0,0,0,0,0,0,0,0,0,0,0,0,0,0,0,0,0,0,0,0,0,0,0,0,0,0,0,0,0,0,0,0,0,0,0,0,0,0,0,0,0,0,0,0,0,0,0,0,0,0,0,0,0,0,0,0,0,0,0,0,0,0,0
0,0,0,0,0,0,0,0,0,0,0,0,0,0,0,0,0,0,0,0,0,0,0,0,0,0,0,0,0,0,0,0,0,0,0,0,0,0,0,0,0,0,0,0,0,0,0,0,0,0,0,0,0,0,0,0,0,0,0,0,0,0,0,0,0,0,0,0,0,0,0,0,0,0,0,0,0,0,0,0,0,0,0,0,0,0,0,0,0,0,0,0,0,0,0,0,0,0,0,0,0,0,0,0,0,0,0,0,0,0,0,0,0,0,0,0,0,0,0,0,0,0,0,0,0,0,0,0,0,0,0,0,0,0,0,0,0,0,0,0,0,0,0,0,0,0,0,0,0,0,0,0,0,0,0,0,0,0,0,0,0,0,0,0,0,0,0,0,0,0,0,0,0,0,0,0,0,0,0,0,0,0,0,0,0,0,0,0,0,0,0,0,0,0,0,0,0,0,0,0,0,0,0,0,0,0,0,0,0,0,0,0,0,0,0,0,0,0,0
0,0,0,0,0,0,0,0,0,0,0,0,0,0,0,0,0,0,0,0,0,0,0,0,0,0,0,0,0,0,0,0,0,0,0,0,0,0,0,0,0,0,0,0,0,0,0,0,0,0,0,0,0,0,0,0,0,0,0,0,0,0,0,0,0,0,0,0,0,0,0,0,0,0,0,0,0,0,0,0,0,0,0,0,0,0,0,0,0,0,0,0,0,0,0,0,0,0,0,0,0,0,0,0,0,0,0,0,0,0,0,0,0,0,0,0,0,0,0,0,0,0,0,0,0,0,0,0,0,0,0,0,0,0,0,0,0,0,0,0,0,0,0,0,0,0,0,0,0,0,0,0,0,0,0,0,0,0,0,0,0,0,0,0,0,0,0,0,0,0,0,0,0,0,0,0,0,0,0,0,0,0,0,0,0,0,0,0,0,0,0,0,0,0,0,0,0,0,0,0,0,0,0,0,0,0,0,0,0,0,0,0,0,0,0,0,0,0,0
0,0,0,0,0,0,0,0,0,0,0,0,0,0,0,0,0,0,0,0,0,0,0,0,0,0,0,0,0,0,0,0,0,0,0,0,0,0,0,0,0,0,0,0,0,0,0,0,0,0,0,0,0,0,0,0,0,0,0,0,0,0,0,0,0,0,0,0,0,0,0,0,0,0,0,0,0,0,0,0,0,0,0,0,0,0,0,0,0,0,0,0,0,0,0,0,0,0,0,0,0,0,0,0,0,0,0,0,0,0,0,0,0,0,0,0,0,0,0,0,0,0,0,0,0,0,0,0,0,0,0,0,0,0,0,0,0,0,0,0,0,0,0,0,0,0,0,0,0,0,0,0,0,0,0,0,0,0,0,0,0,0,0,0,0,0,0,0,0,0,0,0,0,0,0,0,0,0,0,0,0,0,0,0,0,0,0,0,0,0,0,0,0,0,0,0,0,0,0,0,0,0,0,0,0,0,0,0,0,0,0,0,0,0,0,0,0,0,0
0,0,0,0,0,0,0,0,0,0,0,0,0,0,0,0,0,0,0,0,0,0,0,0,0,0,0,0,0,0,0,0,0,0,0,0,0,0,0,0,0,0,0,0,0,0,0,0,0,0,0,0,0,0,0,0,0,0,0,0,0,0,0,0,0,0,0,0,0,0,0,0,0,0,0,0,0,0,0,0,0,0,0,0,0,0,0,0,0,0,0,0,0,0,0,0,0,0,0,0,0,0,0,0,0,0,0,0,0,0,0,0,0,0,0,0,0,0,0,0,0,0,0,0,0,0,0,0,0,0,0,0,0,0,0,0,0,0,0,0,0,0,0,0,0,0,0,0,0,0,0,0,0,0,0,0,0,0,0,0,0,0,0,0,0,0,0,0,0,0,0,0,0,0,0,0,0,0,0,0,0,0,0,0,0,0,0,0,0,0,0,0,0,0,0,0,0,0,0,0,0,0,0,0,0,0,0,0,0,0,0,0,0,0,0,0,0,0,0
0,0,0,0,0,0,0,0,0,0,0,0,0,0,0,0,0,0,0,0,0,0,0,0,0,0,0,0,0,0,0,0,0,0,0,0,0,0,0,0,0,0,0,0,0,0,0,0,0,0,0,0,0,0,0,0,0,0,0,0,0,0,0,0,0,0,0,0,0,0,0,0,0,0,0,0,0,0,0,0,0,0,0,0,0,0,0,0,0,0,0,0,0,0,0,0,0,0,0,0,0,0,0,0,0,0,0,0,0,0,0,0,0,0,0,0,0,0,0,0,0,0,0,0,0,0,0,0,0,0,0,0,0,0,0,0,0,0,0,0,0,0,0,0,0,0,0,0,0,0,0,0,0,0,0,0,0,0,0,0,0,0,0,0,0,0,0,0,0,0,0,0,0,0,0,0,0,0,0,0,0,0,0,0,0,0,0,0,0,0,0,0,0,0,0,0,0,0,0,0,0,0,0,0,0,0,0,0,0,0,0,0,0,0,0,0,0,0,0
0,0,0,0,0,0,0,0,0,0,0,0,0,0,0,0,0,0,0,0,0,0,0,0,0,0,0,0,0,0,0,0,0,0,0,0,0,0,0,0,0,0,0,0,0,0,0,0,0,0,0,0,0,0,0,0,0,0,0,0,0,0,0,0,0,0,0,0,0,0,0,0,0,0,0,0,0,0,0,0,0,0,0,0,0,0,0,0,0,0,0,0,0,0,0,0,0,0,0,0,0,0,0,0,0,0,0,0,0,0,0,0,0,0,0,0,0,0,0,0,0,0,0,0,0,0,0,0,0,0,0,0,0,0,0,0,0,0,0,0,0,0,0,0,0,0,0,0,0,0,0,0,0,0,0,0,0,0,0,0,0,0,0,0,0,0,0,0,0,0,0,0,0,0,0,0,0,0,0,0,0,0,0,0,0,0,0,0,0,0,0,0,0,0,0,0,0,0,0,0,0,0,0,0,0,0,0,0,0,0,0,0,0,0,0,0,0,0,0
0,0,0,0,0,0,0,0,0,0,0,48,53,58,66,70,76,84,95,99,101,101,100,99,99,98,96,96,96,95,94,94,95,95,95,95,97,98,98,102,95,95,95,95,96,96,96,96,96,96,96,101,100,101,101,101,100,100,100,100,100,100,100,100,100,100,100,100,100,100,100,100,102,102,102,102,99,99,99,102,102,102,111,102,102,102,102,102,102,102,102,102,99,99,99,99,101,101,101,101,101,101,97,97,101,111,111,111,111,111,111,111,111,110,110,110,110,110,110,110,110,110,110,111,111,111,111,113,107,108,109,109,109,109,97,97,97,97,97,97,97,98,98,101,101,101,103,103,103,109,109,109,109,102,107,91,91,91,91,91,91,91,91,91,91,84,84,84,84,84,83,83,83,83,107,107,107,107,107,107,107,107,107,110,110,110,110,110,0,0,0,0,0,0,0,0,0,0,0,0,0,0,0,0,0,0,0,0,0,0,0,0,0,0,0,0,0,0,0
0,0,0,0,0,0,0,0,0,0,0,53,52,51,50,78,83,70,70,69,68,68,49,49,70,70,82,70,72,72,77,83,83,83,87,84,84,84,84,84,87,98,99,101,101,101,78,73,73,78,78,77,83,80,81,81,80,80,80,79,80,79,83,81,81,81,85,80,79,79,79,90,90,94,95,94,94,95,95,94,94,94,86,86,86,87,86,86,86,86,86,85,85,80,80,80,82,82,82,84,84,84,80,84,84,84,84,64,64,64,65,86,49,49,49,128,128,128,128,128,133,134,133,125,87,125,125,125,86,86,86,86,86,86,86,86,86,86,86,86,86,86,84,86,56,56,56,78,72,73,72,73,74,74,74,61,61,61,61,61,61,61,61,61,60,85,85,85,85,85,82,82,82,82,82,81,81,81,81,81,81,102,102,102,102,83,85,83,0,0,0,0,0,0,0,0,0,0,0,0,0,0,0,0,0,0,0,0,0,0,0,0,0,0,0,0,0,0,0
0,0,0,0,0,0,0,0,0,0,0,92,92,92,92,128,116,123,113,116,55,116,116,116,57,122,56,118,133,133,133,136,136,136,129,133,129,133,134,133,131,129,142,136,141,141,136,141,136,136,85,129,127,136,114,77,98,110,121,122,100,100,100,128,115,128,100,92,111,135,79,82,98,105,130,131,155,155,149,165,176,176,168,168,181,176,165,160,171,171,135,136,136,137,145,160,135,136,136,137,165,122,137,162,147,147,135,136,150,151,162,176,171,168,171,171,171,178,215,222,222,222,209,222,209,209,195,194,194,194,173,176,177,167,169,182,186,197,175,214,175,177,203,177,177,180,198,180,183,183,197,192,186,178,190,186,215,218,218,233,215,218,218,215,171,171,171,175,171,174,209,177,174,175,155,206,171,171,171,171,171,166,207,211,171,171,175,173,0,0,0,0,0,0,0,0,0,0,0,0,0,0,0,0,0,0,0,0,0,0,0,0,0,0,0,0,0,0,0
0,0,0,0,0,0,0,0,0,0,0,107,109,108,116,108,106,132,116,133,128,123,136,116,123,136,131,136,120,136,131,136,137,141,136,132,133,136,136,136,136,136,151,157,136,164,159,152,138,143,136,134,136,134,135,135,133,135,135,133,133,134,133,133,133,136,133,134,135,134,135,136,136,136,160,170,134,176,176,184,184,190,185,190,191,184,185,176,176,182,171,176,130,176,184,160,171,169,170,158,176,136,175,178,171,176,176,184,184,186,181,211,225,218,214,222,222,222,217,226,226,222,227,221,217,172,202,203,202,201,167,207,168,60,141,173,196,177,196,212,214,204,175,200,200,202,202,204,201,177,177,205,197,197,214,216,204,220,213,213,206,213,227,214,205,217,225,212,225,225,226,225,212,198,175,54,211,214,171,175,171,200,202,178,209,210,210,168,0,0,0,0,0,0,0,0,0,0,0,0,0,0,0,0,0,0,0,0,0,0,0,0,0,0,0,0,0,0,0
0,0,0,0,0,0,0,0,0,0,0,116,110,109,109,118,112,112,112,136,115,130,136,136,136,132,130,133,134,136,134,136,137,136,136,136,134,134,133,135,139,133,133,136,142,142,136,136,136,131,129,134,135,134,133,133,133,133,129,128,131,129,133,129,133,133,134,128,128,130,135,130,134,134,133,136,176,172,176,182,189,186,181,181,189,186,173,186,185,186,186,136,171,176,179,179,176,175,174,174,172,171,171,171,175,173,176,176,173,185,192,193,195,222,222,224,224,225,227,226,222,224,232,221,216,222,217,212,214,224,214,203,167,60,149,194,193,205,197,176,176,177,214,194,176,186,175,186,178,214,204,232,209,227,214,227,215,225,236,232,236,239,243,244,242,244,231,214,232,232,232,236,226,200,126,175,230,190,231,227,228,229,231,231,229,227,229,229,0,0,0,0,0,0,0,0,0,0,0,0,0,0,0,0,0,0,0,0,0,0,0,0,0,0,0,0,0,0,0
0,0,0,0,0,0,0,0,0,0,0,92,109,93,83,84,105,111,71,121,115,123,133,136,132,123,136,123,129,129,130,130,132,133,132,131,131,132,128,129,128,131,133,136,131,136,133,133,138,135,127,136,133,133,136,135,135,134,138,136,81,136,135,130,133,135,136,133,137,125,134,139,132,126,133,134,135,136,134,176,188,182,168,185,176,169,186,181,181,186,187,171,171,182,187,174,174,184,175,184,176,174,178,181,176,171,179,180,189,211,222,224,227,223,229,225,227,230,230,230,229,240,224,233,224,209,220,220,233,203,165,200,148,61,166,145,170,173,187,169,185,200,180,164,158,176,162,202,212,205,217,223,215,227,227,236,237,242,237,241,229,242,247,236,244,231,220,231,216,245,216,231,231,217,126,209,190,227,232,230,232,237,235,232,235,232,235,236,0,0,0,0,0,0,0,0,0,0,0,0,0,0,0,0,0,0,0,0,0,0,0,0,0,0,0,0,0,0,0
0,0,0,0,0,0,0,0,0,0,0,112,116,116,128,116,71,116,120,116,131,123,135,136,128,128,126,127,127,128,127,127,133,128,128,132,133,129,133,131,136,126,128,133,136,129,136,131,129,133,132,136,144,141,138,135,140,133,135,143,146,136,136,125,133,142,148,144,142,141,134,134,119,132,127,128,134,128,135,158,153,171,171,170,176,176,182,178,176,176,175,155,171,183,176,171,175,176,187,184,184,179,184,175,175,189,190,192,214,227,228,230,232,227,229,231,233,234,233,230,231,229,223,223,221,216,217,221,208,208,164,188,154,65,166,150,165,182,173,173,185,162,161,199,199,199,214,198,213,205,214,214,214,227,232,236,240,245,245,227,241,246,241,240,240,215,213,230,210,214,211,211,210,214,125,120,214,214,214,231,232,233,225,238,217,217,234,219,0,0,0,0,0,0,0,0,0,0,0,0,0,0,0,0,0,0,0,0,0,0,0,0,0,0,0,0,0,0,0
0,0,0,0,0,0,0,0,0,0,0,121,109,109,116,118,105,110,116,116,123,123,131,124,123,123,124,124,124,129,131,131,127,133,127,128,128,128,128,134,129,128,127,145,145,146,154,136,133,127,133,132,141,144,136,149,132,136,144,153,153,126,132,135,118,148,148,135,135,135,135,133,91,94,114,117,86,133,125,131,163,134,168,170,145,177,177,176,175,176,162,161,171,179,176,164,175,177,183,184,184,184,174,183,168,185,188,209,212,228,227,227,222,221,222,226,230,227,230,230,230,228,221,219,215,220,209,214,216,204,162,187,167,176,204,207,203,206,206,202,202,224,202,202,205,202,199,213,214,236,237,236,236,236,240,244,242,239,244,227,242,245,244,240,233,211,209,207,219,205,206,198,218,205,173,210,207,205,211,213,219,226,231,209,219,233,233,220,0,0,0,0,0,0,0,0,0,0,0,0,0,0,0,0,0,0,0,0,0,0,0,0,0,0,0,0,0,0,0
0,0,0,0,0,0,0,0,0,0,0,109,109,113,113,116,116,109,126,122,121,113,124,123,124,124,124,125,126,126,127,129,130,130,130,130,131,132,132,133,132,133,141,153,143,136,149,141,136,137,127,129,133,150,160,160,160,162,152,142,135,122,112,97,100,87,133,133,134,126,105,88,100,87,94,116,115,114,98,88,104,130,133,139,157,175,159,171,176,176,176,176,156,182,161,162,175,184,186,187,184,178,169,163,171,171,186,186,203,234,228,224,228,212,227,227,225,228,230,233,241,239,227,222,216,212,208,207,204,224,215,201,217,208,200,221,200,217,215,227,237,241,213,231,211,231,227,209,243,236,236,240,245,244,244,246,236,240,245,240,242,239,225,218,232,207,206,210,205,210,210,198,202,200,211,210,201,201,174,196,202,200,199,211,209,210,210,209,0,0,0,0,0,0,0,0,0,0,0,0,0,0,0,0,0,0,0,0,0,0,0,0,0,0,0,0,0,0,0
0,0,0,0,0,0,0,0,0,0,0,123,116,116,116,128,116,116,123,136,123,126,127,127,128,129,131,132,133,133,133,136,136,136,136,136,136,134,136,136,128,130,127,131,128,141,134,133,129,85,112,98,128,125,125,99,85,136,112,97,116,126,81,99,101,88,81,100,121,81,82,92,99,79,82,99,83,86,113,88,97,107,131,116,132,141,170,154,163,185,182,176,181,181,161,151,171,175,188,188,189,187,171,171,171,176,184,193,220,222,222,223,230,201,225,225,223,229,228,225,223,226,219,217,208,208,212,217,213,213,224,227,224,216,224,225,215,211,222,226,240,242,239,242,238,240,249,249,249,242,237,237,247,245,245,245,241,241,241,239,230,226,219,211,209,210,200,196,197,192,189,188,187,186,186,186,185,185,164,171,177,171,166,175,200,175,178,172,0,0,0,0,0,0,0,0,0,0,0,0,0,0,0,0,0,0,0,0,0,0,0,0,0,0,0,0,0,0,0
0,0,0,0,0,0,0,0,0,0,0,123,120,116,118,136,123,129,129,136,136,136,136,136,141,136,134,136,141,142,136,138,140,136,129,143,135,131,136,132,90,136,133,133,93,132,160,97,122,96,95,93,81,98,127,98,100,122,81,113,83,81,86,87,99,87,81,86,89,83,100,81,97,78,80,80,98,84,85,96,129,106,115,129,135,145,134,167,169,176,176,182,171,186,171,171,176,198,193,194,185,194,208,181,171,171,181,201,222,222,222,228,223,223,233,210,222,227,227,225,226,218,213,211,225,222,217,216,225,223,212,227,222,217,227,224,229,238,241,238,249,249,242,250,251,251,250,251,249,226,247,247,244,237,240,241,228,240,237,206,226,213,200,196,193,209,194,186,177,177,171,176,169,179,167,174,171,174,171,171,166,175,174,169,170,171,171,175,0,0,0,0,0,0,0,0,0,0,0,0,0,0,0,0,0,0,0,0,0,0,0,0,0,0,0,0,0,0,0
0,0,0,0,0,0,0,0,0,0,0,131,131,131,129,133,136,136,141,139,136,135,137,137,141,148,148,152,141,147,136,139,135,131,137,136,132,129,136,122,133,131,101,96,94,121,84,98,127,96,104,86,128,93,83,102,87,101,102,83,81,81,80,78,77,75,87,98,101,101,102,74,94,114,81,116,81,89,77,80,82,86,81,81,97,99,117,135,148,135,137,134,171,159,171,176,171,175,171,171,224,192,193,212,184,185,222,222,221,224,217,224,224,226,228,225,226,224,222,216,216,215,215,219,219,221,217,224,219,222,224,224,243,244,247,241,239,242,242,250,252,249,249,250,249,233,243,239,237,230,227,227,233,227,227,227,213,204,214,211,196,188,188,178,189,185,176,171,163,174,173,173,158,159,158,156,156,175,152,152,152,152,151,150,148,171,172,172,0,0,0,0,0,0,0,0,0,0,0,0,0,0,0,0,0,0,0,0,0,0,0,0,0,0,0,0,0,0,0
0,0,0,0,0,0,0,0,0,0,0,123,131,131,123,131,131,131,125,123,134,131,136,129,136,141,140,129,136,133,133,136,129,128,129,136,93,135,118,109,132,98,89,84,83,84,111,87,79,97,85,88,100,114,97,77,76,101,101,101,97,83,81,74,74,74,74,72,72,72,114,72,99,73,73,86,86,113,72,100,78,97,80,83,99,114,100,119,112,117,171,116,139,143,177,184,170,171,178,186,194,227,195,203,227,222,226,212,229,212,231,231,225,226,211,228,223,223,222,221,221,221,222,220,223,217,221,224,222,227,223,221,234,223,233,240,232,233,233,246,236,227,227,226,226,228,213,227,227,225,223,239,230,218,207,203,209,207,208,204,177,189,182,171,171,173,156,155,158,154,155,153,154,152,152,151,150,150,149,150,149,149,149,208,147,164,174,170,0,0,0,0,0,0,0,0,0,0,0,0,0,0,0,0,0,0,0,0,0,0,0,0,0,0,0,0,0,0,0
0,0,0,0,0,0,0,0,0,0,0,74,118,116,115,77,123,116,123,116,117,128,109,87,116,109,111,116,97,81,100,80,87,97,101,81,93,87,86,84,89,93,83,85,99,84,84,85,82,94,99,103,97,101,82,86,83,100,99,83,84,81,100,81,81,93,79,77,102,76,102,74,74,73,72,73,72,113,100,93,93,75,86,77,78,76,109,99,137,129,136,136,115,171,170,171,171,199,208,199,182,224,201,227,228,232,229,229,227,228,227,228,211,226,235,227,227,221,224,222,227,226,226,227,227,227,233,223,227,225,226,223,227,235,237,238,238,239,239,238,243,237,227,227,213,208,208,214,214,227,208,206,205,202,209,204,208,205,171,185,185,180,170,171,174,169,175,169,174,176,176,174,175,175,176,173,173,171,171,174,171,171,165,171,171,164,158,152,0,0,0,0,0,0,0,0,0,0,0,0,0,0,0,0,0,0,0,0,0,0,0,0,0,0,0,0,0,0,0
0,0,0,0,0,0,0,0,0,0,0,97,71,82,99,108,113,97,108,94,74,94,72,80,85,80,87,77,82,81,83,88,80,87,95,85,87,84,84,102,87,84,99,113,86,90,83,87,95,87,113,86,86,89,91,91,91,88,96,89,88,100,99,96,81,81,86,76,78,75,74,83,74,73,71,71,72,71,98,100,73,73,74,72,72,72,72,109,94,113,107,113,117,129,175,176,184,218,222,221,232,228,235,237,236,234,240,243,235,231,226,211,229,234,223,228,227,228,228,226,221,222,222,222,222,222,223,223,225,228,223,224,225,223,231,231,231,231,231,229,235,227,229,227,213,213,215,213,214,211,217,204,205,202,214,188,189,189,192,171,176,169,166,171,176,171,171,171,174,171,176,176,176,177,177,177,179,173,179,164,173,168,166,171,175,163,172,165,0,0,0,0,0,0,0,0,0,0,0,0,0,0,0,0,0,0,0,0,0,0,0,0,0,0,0,0,0,0,0
0,0,0,0,0,0,0,0,0,0,0,75,65,72,71,71,63,62,71,71,71,77,81,81,81,90,83,82,82,82,80,92,87,80,103,98,87,101,85,91,81,99,84,113,88,89,102,85,96,92,84,86,95,104,95,96,96,97,97,86,98,95,91,102,85,81,81,91,99,81,92,81,79,81,81,95,95,100,81,81,81,93,82,78,101,115,87,115,76,98,78,92,96,113,114,174,234,234,235,235,212,233,248,248,247,241,247,245,230,233,232,233,241,238,238,234,228,228,227,225,225,225,226,225,225,226,226,233,233,233,223,226,225,225,229,232,232,228,228,227,227,227,213,226,222,203,208,211,210,196,200,232,195,195,190,194,191,188,188,208,187,171,178,172,171,175,171,174,171,186,178,198,202,184,187,187,187,187,188,188,188,186,175,185,170,165,181,180,0,0,0,0,0,0,0,0,0,0,0,0,0,0,0,0,0,0,0,0,0,0,0,0,0,0,0,0,0,0,0
0,0,0,0,0,0,0,0,0,0,0,81,97,62,61,60,73,63,71,63,56,64,63,65,71,79,73,83,79,83,83,91,80,83,85,96,88,87,87,86,85,82,101,88,89,85,85,90,97,113,102,92,96,99,98,99,95,92,91,88,94,89,97,86,81,86,82,86,82,79,94,81,97,81,82,81,81,81,81,81,81,81,83,98,81,81,91,84,98,94,88,91,96,97,96,126,181,218,223,237,237,247,246,231,245,245,230,231,219,225,230,244,244,245,238,233,233,229,233,233,234,235,240,239,239,238,238,237,237,236,236,237,226,236,235,234,230,236,236,230,227,227,222,227,227,222,213,214,213,210,204,206,203,193,191,191,191,190,190,188,188,188,187,186,185,185,185,171,184,185,166,188,187,190,189,191,191,192,193,210,203,193,195,195,195,202,193,197,0,0,0,0,0,0,0,0,0,0,0,0,0,0,0,0,0,0,0,0,0,0,0,0,0,0,0,0,0,0,0
0,0,0,0,0,0,0,0,0,0,0,59,67,67,69,58,58,58,59,57,57,56,58,56,50,58,58,59,61,70,74,90,80,71,112,81,84,84,89,89,86,101,116,86,88,84,89,98,85,87,109,114,109,81,117,94,128,85,83,83,81,80,81,81,87,81,92,101,94,97,94,99,91,100,106,126,91,120,120,115,95,106,116,121,117,119,98,94,115,94,118,91,97,128,103,108,166,176,222,224,242,243,240,231,228,228,232,223,226,222,230,240,234,239,239,238,237,239,225,222,235,222,225,226,227,237,227,234,233,230,229,229,227,228,227,227,227,227,225,225,227,215,215,202,223,223,214,220,213,217,204,205,208,205,204,204,206,208,207,203,210,211,209,209,209,198,202,204,202,209,210,179,207,210,209,208,208,209,209,206,207,210,215,210,210,210,208,207,0,0,0,0,0,0,0,0,0,0,0,0,0,0,0,0,0,0,0,0,0,0,0,0,0,0,0,0,0,0,0
0,0,0,0,0,0,0,0,0,0,0,62,59,60,60,59,60,59,58,57,62,57,56,51,56,57,58,56,58,55,56,58,78,90,79,94,82,81,93,84,84,87,101,90,90,93,101,100,102,88,85,100,100,98,103,95,85,84,81,82,89,83,82,100,111,102,85,100,96,99,112,104,98,117,98,141,113,144,135,130,103,137,117,136,120,136,113,115,109,109,99,117,94,117,106,99,113,136,176,182,241,230,228,228,222,212,228,210,225,224,234,222,224,234,234,225,236,200,225,227,219,227,221,227,239,230,228,226,226,220,220,218,217,217,217,217,217,218,218,223,211,227,226,223,226,223,209,219,213,214,205,213,213,196,195,203,213,204,211,209,213,214,214,196,208,209,204,211,203,210,200,209,210,210,211,210,210,210,210,215,210,210,196,218,218,218,213,210,0,0,0,0,0,0,0,0,0,0,0,0,0,0,0,0,0,0,0,0,0,0,0,0,0,0,0,0,0,0,0
0,0,0,0,0,0,0,0,0,0,0,57,57,57,58,59,64,64,59,54,51,51,50,55,49,55,51,53,53,55,55,56,58,56,61,82,81,92,90,85,113,85,96,111,85,100,101,89,100,102,83,103,86,96,112,99,99,79,81,81,95,95,94,96,100,99,104,100,105,115,115,106,113,83,87,87,125,112,137,111,103,106,130,100,120,121,95,94,99,99,102,94,96,94,91,89,94,101,145,181,236,228,222,201,219,224,219,219,228,224,227,222,167,222,226,222,222,225,221,206,222,212,227,225,225,225,221,220,214,213,222,216,222,222,221,210,208,211,212,212,220,218,215,207,207,202,203,213,219,214,215,206,225,227,210,203,205,215,216,217,217,217,206,220,211,211,210,207,211,219,210,211,210,209,215,215,211,211,218,225,210,218,217,219,219,212,208,207,0,0,0,0,0,0,0,0,0,0,0,0,0,0,0,0,0,0,0,0,0,0,0,0,0,0,0,0,0,0,0
0,0,0,0,0,0,0,0,0,0,0,49,51,53,53,56,59,57,56,52,47,47,55,47,47,46,47,48,55,58,55,54,55,56,61,54,78,83,93,93,89,85,101,92,84,102,88,102,93,100,81,86,85,83,97,82,88,88,86,99,94,97,85,97,108,97,94,104,90,110,105,88,113,119,87,122,87,105,118,135,106,117,93,118,104,119,97,94,96,114,116,114,94,97,91,90,100,106,176,195,186,212,221,181,222,217,217,212,201,214,222,227,228,222,185,223,221,214,207,206,217,219,211,222,205,217,211,210,211,210,209,217,205,204,194,214,195,193,199,203,202,206,206,205,204,205,205,206,210,212,214,215,211,214,206,213,211,216,223,206,223,223,223,213,211,211,211,215,222,215,215,214,215,220,216,204,217,218,221,221,226,218,223,216,217,208,206,201,0,0,0,0,0,0,0,0,0,0,0,0,0,0,0,0,0,0,0,0,0,0,0,0,0,0,0,0,0,0,0
0,0,0,0,0,0,0,0,0,0,0,48,56,53,54,44,53,47,51,44,44,45,45,45,45,45,46,50,52,51,53,54,55,60,54,57,64,79,95,95,90,83,86,92,92,84,99,87,96,88,87,84,87,84,83,78,78,81,93,87,79,97,97,87,87,85,87,97,104,86,93,112,97,104,86,112,88,116,106,105,99,97,120,117,116,99,120,98,117,105,117,120,121,120,122,104,198,175,202,222,221,212,209,219,221,219,184,219,193,177,226,228,165,222,200,170,182,218,210,209,201,189,185,182,182,194,209,211,207,192,190,190,190,189,189,189,188,188,187,187,189,193,205,203,213,212,213,215,210,216,216,217,213,220,214,214,216,225,227,229,214,226,225,224,224,223,224,223,223,222,222,222,222,222,217,219,216,223,216,224,219,225,217,223,217,216,221,198,0,0,0,0,0,0,0,0,0,0,0,0,0,0,0,0,0,0,0,0,0,0,0,0,0,0,0,0,0,0,0
0,0,0,0,0,0,0,0,0,0,0,27,40,42,42,42,46,42,42,43,43,43,44,44,46,45,46,51,50,47,50,52,57,55,57,60,56,84,79,84,83,87,84,95,81,86,82,85,102,101,80,92,92,82,79,77,81,87,96,79,79,77,76,80,81,86,91,78,102,88,100,100,97,103,115,104,111,104,124,129,135,104,136,123,104,111,118,114,119,116,118,136,120,131,170,228,222,206,217,223,215,222,184,207,216,215,186,219,184,205,176,208,158,176,167,171,171,221,199,171,183,166,162,160,174,182,189,200,186,185,185,185,182,182,184,183,186,182,186,186,186,212,220,213,206,198,216,218,216,202,209,207,213,224,226,223,219,228,228,228,232,230,231,228,229,230,229,229,227,227,226,225,227,232,232,232,224,233,232,232,232,233,230,223,224,218,214,211,0,0,0,0,0,0,0,0,0,0,0,0,0,0,0,0,0,0,0,0,0,0,0,0,0,0,0,0,0,0,0
0,0,0,0,0,0,0,0,0,0,0,53,50,54,51,53,46,46,50,46,46,47,48,48,52,53,48,48,48,48,56,55,55,56,57,57,57,61,61,60,82,101,87,114,93,96,98,98,98,96,85,89,95,87,100,99,85,90,91,88,96,95,101,85,85,82,81,81,95,95,100,95,89,87,89,99,103,125,106,124,105,106,101,111,120,130,129,121,118,124,136,135,142,171,215,211,216,182,182,199,198,217,199,198,188,159,228,201,170,184,171,150,171,186,144,142,148,130,150,138,184,166,154,154,181,203,189,188,188,189,194,189,194,194,196,193,200,192,192,192,193,221,203,203,227,227,205,213,214,213,213,216,222,232,234,229,229,225,228,228,230,234,235,234,234,234,232,229,227,233,230,233,233,215,230,231,230,215,230,215,221,220,224,214,219,218,214,208,0,0,0,0,0,0,0,0,0,0,0,0,0,0,0,0,0,0,0,0,0,0,0,0,0,0,0,0,0,0,0
0,0,0,0,0,0,0,0,0,0,0,52,56,50,51,49,53,53,52,51,56,56,51,56,56,51,56,55,52,55,55,52,54,55,55,55,55,57,57,62,68,85,95,88,76,68,68,68,69,73,94,88,95,87,86,99,99,102,100,102,95,101,123,97,100,86,81,109,97,99,99,106,108,86,89,97,98,92,106,105,115,107,111,106,119,111,124,117,123,128,130,118,119,185,234,234,221,234,234,199,221,183,224,183,209,209,228,221,184,197,117,177,144,135,114,115,132,129,166,133,96,165,155,185,185,182,185,187,188,189,194,191,192,195,193,193,193,193,195,185,203,227,227,216,221,221,230,230,227,233,228,227,240,236,238,227,226,229,230,228,232,234,235,234,234,229,232,229,227,227,232,237,231,229,219,228,229,224,224,214,227,215,216,216,214,213,199,206,0,0,0,0,0,0,0,0,0,0,0,0,0,0,0,0,0,0,0,0,0,0,0,0,0,0,0,0,0,0,0
0,0,0,0,0,0,0,0,0,0,0,51,59,55,55,55,58,59,58,56,57,57,57,58,58,57,59,58,57,56,54,54,54,55,54,57,57,58,58,58,58,62,66,67,71,72,73,69,70,88,101,84,100,100,104,105,93,101,87,102,104,113,112,91,83,81,95,90,102,104,117,99,102,87,97,124,117,117,99,113,112,124,116,117,136,116,120,126,119,174,120,136,118,171,197,188,198,198,171,174,187,219,176,202,175,168,183,199,156,118,171,147,132,111,108,102,114,95,99,90,94,137,117,107,182,182,189,188,188,190,190,190,193,203,203,206,207,206,203,207,214,227,218,218,227,232,232,223,232,232,227,236,238,240,240,229,229,231,230,227,215,215,221,218,225,225,225,225,225,214,216,214,221,216,214,216,216,217,211,210,211,210,215,214,213,212,208,209,0,0,0,0,0,0,0,0,0,0,0,0,0,0,0,0,0,0,0,0,0,0,0,0,0,0,0,0,0,0,0
0,0,0,0,0,0,0,0,0,0,0,59,51,59,59,57,59,65,57,56,57,57,56,52,52,57,62,60,59,56,54,53,53,53,52,54,55,55,58,56,54,57,57,56,65,74,76,70,69,85,85,105,104,104,105,87,107,101,87,122,99,113,102,102,85,85,104,96,112,101,116,105,112,112,113,113,119,102,124,122,128,149,148,124,121,125,115,110,110,116,120,117,110,122,176,179,176,176,184,167,185,183,174,194,165,175,160,113,136,97,183,124,114,102,110,109,113,110,109,109,102,94,104,97,88,192,206,194,193,199,205,197,206,214,213,218,216,213,215,207,214,220,226,232,227,226,233,224,226,224,232,232,226,203,214,222,220,213,215,219,219,214,215,215,213,217,217,211,211,211,211,213,211,211,210,210,210,211,200,212,211,211,210,211,209,206,209,209,0,0,0,0,0,0,0,0,0,0,0,0,0,0,0,0,0,0,0,0,0,0,0,0,0,0,0,0,0,0,0
0,0,0,0,0,0,0,0,0,0,0,51,57,58,58,57,59,59,59,58,56,57,56,56,56,55,55,55,59,57,50,49,49,48,47,49,49,51,51,52,55,54,54,54,59,86,88,95,101,93,97,91,92,99,99,102,102,94,95,98,100,93,93,97,98,97,97,100,125,104,114,126,105,112,93,108,119,114,107,103,112,105,113,104,103,124,115,104,136,119,115,108,117,115,171,178,180,156,151,159,167,168,183,185,114,150,183,131,119,113,114,114,109,113,96,102,91,109,111,110,102,111,111,109,93,95,202,200,217,213,201,206,207,221,223,216,223,227,227,227,230,233,231,214,231,227,213,227,227,215,215,219,218,215,219,217,213,213,206,211,211,211,211,212,211,212,212,212,212,211,212,211,210,206,211,210,209,209,208,207,203,203,203,203,203,203,202,201,0,0,0,0,0,0,0,0,0,0,0,0,0,0,0,0,0,0,0,0,0,0,0,0,0,0,0,0,0,0,0
0,0,0,0,0,0,0,0,0,0,0,53,57,50,52,56,59,69,59,59,55,56,51,49,47,48,47,47,51,49,45,45,45,45,45,46,46,47,50,55,55,54,60,54,60,85,101,102,98,103,96,85,91,94,97,94,95,97,100,93,93,90,103,88,89,88,95,90,87,111,96,95,100,111,100,105,135,112,127,113,106,117,100,93,93,99,98,97,99,106,117,115,116,113,171,153,202,175,176,198,187,161,171,164,122,127,120,116,122,113,134,109,111,109,96,101,111,102,110,102,102,110,89,109,93,110,221,206,215,213,219,218,207,223,223,225,225,216,226,225,221,203,213,205,214,213,215,215,219,214,214,207,210,210,217,212,212,205,212,213,212,209,213,215,215,215,215,215,215,214,214,214,214,213,212,209,216,208,210,201,200,199,207,199,198,199,197,198,0,0,0,0,0,0,0,0,0,0,0,0,0,0,0,0,0,0,0,0,0,0,0,0,0,0,0,0,0,0,0
0,0,0,0,0,0,0,0,0,0,0,50,50,56,50,57,59,56,57,52,49,49,49,56,56,49,56,55,48,53,48,48,48,48,51,48,49,51,54,57,57,54,58,60,57,56,85,85,94,84,94,96,92,98,101,99,90,98,87,96,101,95,93,92,99,93,106,99,99,84,82,83,82,87,75,77,101,85,92,92,82,96,90,115,89,92,96,95,102,112,124,118,115,117,121,170,180,180,202,176,176,118,175,128,115,183,201,130,149,99,91,111,108,84,102,95,82,109,79,102,109,101,94,97,102,91,182,204,207,182,206,220,222,224,224,224,225,225,226,214,224,214,208,213,215,211,215,215,213,212,215,213,213,204,215,212,212,212,212,213,216,214,212,212,218,209,209,209,210,209,209,209,208,208,211,204,208,207,195,204,198,199,197,197,197,208,202,201,0,0,0,0,0,0,0,0,0,0,0,0,0,0,0,0,0,0,0,0,0,0,0,0,0,0,0,0,0,0,0
0,0,0,0,0,0,0,0,0,0,0,50,50,50,50,51,62,53,46,46,45,49,49,46,46,45,45,45,50,49,45,46,46,47,46,47,46,48,50,47,51,52,55,56,60,64,98,94,100,96,99,84,96,89,96,87,84,98,101,99,97,98,94,88,84,83,85,81,85,76,98,70,70,69,69,70,70,71,75,128,113,94,81,88,84,85,87,87,97,98,101,121,96,96,115,115,135,164,156,138,158,132,126,123,115,143,115,106,106,111,105,102,109,110,101,81,82,101,101,101,110,81,93,103,102,93,102,215,207,189,198,195,199,221,214,225,222,224,224,215,214,205,213,207,222,210,222,214,214,204,214,227,227,215,215,214,214,216,217,218,217,217,214,217,214,216,215,214,213,212,213,212,222,211,210,203,203,209,201,211,205,207,207,201,201,200,208,211,0,0,0,0,0,0,0,0,0,0,0,0,0,0,0,0,0,0,0,0,0,0,0,0,0,0,0,0,0,0,0
0,0,0,0,0,0,0,0,0,0,0,49,49,41,42,46,50,49,46,48,46,46,43,43,43,43,43,43,46,44,44,45,45,44,45,46,48,48,49,49,53,54,55,55,56,64,58,82,86,96,95,96,92,93,101,106,94,106,97,99,99,100,97,91,81,79,78,81,71,73,69,70,69,68,68,68,69,70,70,70,72,73,79,80,76,77,97,97,97,102,98,113,88,112,90,94,111,124,118,133,119,93,110,110,100,114,109,131,100,86,109,85,85,84,111,82,82,110,110,111,110,83,93,111,96,111,102,99,116,202,205,207,205,200,220,216,220,214,223,223,224,224,224,223,224,223,224,220,220,220,215,219,219,223,222,222,221,221,221,221,221,227,219,223,223,220,220,223,218,214,208,211,216,216,216,216,216,216,217,223,207,223,224,222,222,225,222,222,0,0,0,0,0,0,0,0,0,0,0,0,0,0,0,0,0,0,0,0,0,0,0,0,0,0,0,0,0,0,0
0,0,0,0,0,0,0,0,0,0,0,36,36,36,37,38,43,44,45,44,44,43,39,39,39,39,40,40,41,48,42,43,43,44,44,45,47,44,49,51,52,55,54,56,57,58,70,85,98,88,95,88,87,97,84,84,93,97,96,96,96,98,92,102,70,70,70,69,70,69,68,68,68,67,67,68,67,68,68,69,70,70,71,86,73,74,94,106,97,94,84,85,86,117,116,113,91,117,116,118,122,90,91,99,98,108,107,100,85,102,85,85,84,102,111,106,82,109,114,82,108,109,111,111,91,110,97,91,124,217,206,187,215,216,214,220,218,221,224,215,227,229,221,226,224,224,223,222,222,223,229,228,228,225,224,224,225,215,215,223,223,223,228,224,214,222,224,224,221,215,216,220,224,221,224,222,222,224,223,224,231,224,215,224,228,228,227,226,0,0,0,0,0,0,0,0,0,0,0,0,0,0,0,0,0,0,0,0,0,0,0,0,0,0,0,0,0,0,0
0,0,0,0,0,0,0,0,0,0,0,35,35,36,36,36,36,36,37,37,37,38,38,38,43,38,39,39,39,40,40,40,40,41,41,43,45,46,48,48,49,50,54,51,52,53,58,69,78,85,84,97,90,96,101,97,92,94,96,96,95,93,84,83,72,72,69,68,68,67,67,67,67,67,67,67,67,67,67,69,70,71,72,87,74,73,79,80,82,95,90,110,87,84,98,97,98,116,92,115,97,92,92,96,96,98,90,83,83,106,109,111,101,110,82,110,83,131,109,114,83,83,82,111,110,96,93,93,102,99,135,147,204,206,215,206,214,215,204,206,223,229,229,229,226,229,227,230,227,222,229,228,228,227,227,227,227,227,227,226,226,227,226,227,227,226,225,225,225,224,227,227,228,228,231,227,227,226,226,230,232,232,231,232,235,236,236,236,0,0,0,0,0,0,0,0,0,0,0,0,0,0,0,0,0,0,0,0,0,0,0,0,0,0,0,0,0,0,0
0,0,0,0,0,0,0,0,0,0,0,36,35,35,35,36,36,36,35,36,36,37,37,37,37,37,38,39,40,39,42,41,40,40,40,42,47,47,50,50,50,52,53,54,55,56,65,60,76,86,71,91,97,101,107,102,97,99,99,96,102,98,71,68,67,67,67,66,66,66,66,66,66,66,67,66,66,66,67,68,68,69,69,70,70,71,82,72,87,92,95,91,82,91,84,90,79,78,92,95,98,98,79,89,84,85,86,110,85,107,84,111,102,101,84,85,109,104,109,86,110,102,102,86,87,87,89,103,111,110,124,97,200,133,203,215,206,206,225,224,232,220,234,231,233,225,227,228,231,235,233,235,227,234,229,234,234,233,233,228,228,228,228,227,229,228,228,226,228,229,229,229,229,231,234,236,236,241,237,238,240,240,240,240,242,242,242,245,0,0,0,0,0,0,0,0,0,0,0,0,0,0,0,0,0,0,0,0,0,0,0,0,0,0,0,0,0,0,0
0,0,0,0,0,0,0,0,0,0,0,47,35,36,36,37,37,37,36,36,46,36,36,37,45,37,38,38,39,38,39,41,40,41,41,43,49,55,51,51,52,52,53,54,57,55,64,87,58,84,82,95,97,96,94,97,96,96,94,98,93,81,81,67,67,66,67,66,80,66,66,66,66,66,66,66,66,66,66,67,67,68,69,69,70,70,80,84,76,84,87,87,77,74,74,91,94,115,87,83,83,80,82,116,84,87,110,102,87,101,102,110,86,86,109,99,107,84,95,109,95,103,102,86,101,94,88,93,111,96,107,114,195,172,149,172,204,203,221,225,232,233,227,236,236,236,236,236,236,236,236,236,236,232,236,236,236,236,236,236,236,235,234,235,227,235,227,228,230,228,236,236,236,237,244,242,246,242,246,243,244,246,245,247,247,248,244,248,0,0,0,0,0,0,0,0,0,0,0,0,0,0,0,0,0,0,0,0,0,0,0,0,0,0,0,0,0,0,0
0,0,0,0,0,0,0,0,0,0,0,48,45,39,39,40,40,40,39,47,38,48,38,38,47,39,39,39,39,46,39,41,41,41,42,47,52,51,52,54,53,53,53,54,55,55,56,56,78,62,84,81,83,95,94,98,97,90,75,67,65,66,65,65,65,65,65,65,65,74,65,65,65,65,65,65,65,65,65,65,66,67,67,67,66,67,67,81,67,68,97,87,85,72,81,72,77,75,74,77,94,90,88,93,98,86,88,86,96,101,103,103,91,88,99,108,124,106,103,106,102,110,102,110,90,89,89,93,96,106,103,102,109,149,172,136,214,240,214,233,235,238,238,239,239,239,239,239,239,239,239,239,239,239,239,238,239,238,238,238,239,237,238,239,238,232,237,240,238,238,240,238,238,239,244,244,243,244,251,245,251,251,250,251,251,251,251,245,0,0,0,0,0,0,0,0,0,0,0,0,0,0,0,0,0,0,0,0,0,0,0,0,0,0,0,0,0,0,0
0,0,0,0,0,0,0,0,0,0,0,38,38,41,43,45,44,44,42,48,48,42,42,42,42,42,49,43,43,49,46,49,50,44,51,51,49,49,53,55,55,55,55,56,56,61,64,64,62,63,60,68,87,83,88,88,82,75,67,67,65,65,65,67,65,77,65,65,64,64,70,64,65,65,65,64,65,65,65,65,65,67,65,65,66,67,66,67,66,68,69,97,69,69,69,71,72,71,72,80,73,77,78,80,82,82,83,84,96,102,103,86,99,87,98,109,105,102,89,102,88,95,93,85,95,103,102,102,89,102,102,99,110,97,201,176,237,244,238,238,242,242,242,241,242,241,239,241,241,239,241,240,240,240,240,240,240,240,240,240,239,240,240,239,239,239,238,240,240,239,239,239,245,245,245,245,245,249,253,252,253,252,253,252,253,252,252,242,0,0,0,0,0,0,0,0,0,0,0,0,0,0,0,0,0,0,0,0,0,0,0,0,0,0,0,0,0,0,0
0,0,0,0,0,0,0,0,0,0,0,36,36,38,40,45,50,46,49,48,50,44,50,49,52,47,45,48,49,49,49,50,48,49,55,50,50,49,53,56,55,54,54,53,55,55,55,54,58,58,58,61,97,81,78,81,81,71,70,65,65,64,64,64,64,64,64,64,70,64,64,64,65,65,65,65,65,70,70,65,65,65,65,65,66,66,66,68,67,69,69,68,68,68,70,70,79,71,69,71,71,73,73,74,95,77,77,77,77,95,82,96,96,89,96,104,89,100,101,96,103,96,108,109,95,96,95,100,100,90,97,90,90,99,90,93,182,182,241,240,227,239,215,238,239,239,238,240,239,242,241,241,240,241,241,240,240,240,239,240,239,240,240,239,238,238,237,237,237,237,240,241,244,237,245,243,245,244,244,244,250,244,244,244,244,244,244,244,0,0,0,0,0,0,0,0,0,0,0,0,0,0,0,0,0,0,0,0,0,0,0,0,0,0,0,0,0,0,0
0,0,0,0,0,0,0,0,0,0,0,32,32,32,32,41,44,44,44,45,50,45,43,45,53,50,48,47,49,51,50,50,50,55,55,54,54,52,52,50,52,52,52,52,52,53,52,53,54,58,54,55,57,70,87,70,64,64,64,64,72,64,76,65,65,65,65,64,64,64,64,74,64,64,64,64,64,64,64,63,64,64,64,64,64,64,78,65,65,66,67,67,67,67,67,70,76,75,67,75,68,68,68,69,93,74,75,74,95,76,95,78,85,84,96,94,79,96,79,130,109,101,95,102,95,93,100,95,98,95,95,93,106,98,95,98,98,189,213,214,209,234,235,214,227,236,237,215,241,240,238,242,240,240,239,240,240,240,241,240,241,238,237,237,238,232,234,236,236,236,235,235,241,235,235,238,239,244,235,244,244,244,244,245,238,237,234,233,0,0,0,0,0,0,0,0,0,0,0,0,0,0,0,0,0,0,0,0,0,0,0,0,0,0,0,0,0,0,0
0,0,0,0,0,0,0,0,0,0,0,44,48,44,48,50,50,51,51,48,47,52,50,50,50,52,52,50,52,52,50,50,51,48,51,49,50,50,50,50,50,50,49,50,49,50,50,50,50,50,50,50,53,59,60,62,62,63,63,62,63,63,63,64,64,64,64,64,64,64,64,64,64,65,65,65,68,64,74,74,65,65,65,65,65,78,65,65,66,66,66,66,66,65,66,66,66,66,66,66,66,66,67,68,69,70,71,90,96,90,95,95,95,93,96,94,83,78,78,98,110,101,80,95,101,98,94,95,94,99,101,102,102,96,97,90,140,206,185,215,195,220,213,213,215,227,223,234,219,238,214,238,238,241,237,238,241,238,237,239,237,237,236,235,235,234,234,234,233,232,232,232,231,231,233,233,234,229,229,231,216,227,224,223,223,210,232,203,0,0,0,0,0,0,0,0,0,0,0,0,0,0,0,0,0,0,0,0,0,0,0,0,0,0,0,0,0,0,0
0,0,0,0,0,0,0,0,0,0,0,44,44,46,46,49,48,49,53,59,66,66,52,48,50,51,52,51,51,50,50,48,49,50,51,48,47,46,48,48,48,48,48,48,48,48,48,48,48,48,49,49,49,49,55,60,60,61,60,59,61,61,62,63,62,61,62,62,62,63,63,62,63,63,63,63,63,63,63,63,63,63,64,64,64,64,77,64,64,65,64,64,65,65,65,66,66,67,67,67,67,79,67,68,68,69,69,70,89,90,94,94,90,85,97,91,101,95,101,89,96,100,93,102,79,95,95,93,95,88,100,88,89,88,96,97,88,141,177,154,167,227,220,218,218,204,219,223,233,237,238,237,238,237,237,241,237,237,236,236,235,235,235,234,235,232,232,231,228,231,228,227,231,226,229,227,226,221,218,217,216,200,208,200,191,190,190,175,0,0,0,0,0,0,0,0,0,0,0,0,0,0,0,0,0,0,0,0,0,0,0,0,0,0,0,0,0,0,0
0,0,0,0,0,0,0,0,0,0,0,24,24,25,25,43,46,49,49,49,50,48,48,44,44,43,48,44,48,44,43,44,45,47,46,46,46,45,48,48,48,48,48,48,47,47,48,48,48,48,48,49,49,49,49,51,54,59,55,57,59,57,60,62,62,58,58,62,60,60,63,61,61,61,62,61,61,61,62,64,64,62,64,64,62,62,62,62,62,62,64,62,62,62,62,63,64,65,66,67,68,80,75,68,68,69,70,80,72,72,90,90,90,76,76,77,96,81,107,98,90,95,94,102,82,81,81,95,93,95,95,89,90,95,89,96,114,108,131,144,208,173,174,179,205,200,218,202,227,233,221,236,237,237,236,236,236,236,234,234,233,233,232,231,228,228,227,228,225,215,224,223,221,219,207,217,209,199,175,173,199,190,175,175,176,176,141,130,0,0,0,0,0,0,0,0,0,0,0,0,0,0,0,0,0,0,0,0,0,0,0,0,0,0,0,0,0,0,0
0,0,0,0,0,0,0,0,0,0,0,18,17,17,18,28,42,39,39,39,39,40,40,40,40,40,39,41,41,42,42,42,44,44,42,43,44,46,46,46,47,46,46,47,47,47,47,47,47,47,47,46,46,46,47,47,48,51,52,54,55,56,56,57,57,57,58,59,60,60,61,61,61,62,62,65,62,62,63,62,65,63,62,62,72,62,61,62,62,62,60,61,61,60,62,71,62,63,64,65,66,69,66,67,67,78,80,86,91,73,72,90,73,95,95,93,95,78,92,79,90,75,85,81,92,98,92,76,74,73,93,74,75,95,90,95,86,94,109,107,117,161,202,134,177,210,188,202,211,197,232,226,233,234,234,234,235,234,234,233,232,231,229,231,226,228,224,223,220,223,218,221,220,197,199,175,168,189,186,169,168,175,162,162,163,140,164,140,0,0,0,0,0,0,0,0,0,0,0,0,0,0,0,0,0,0,0,0,0,0,0,0,0,0,0,0,0,0,0
0,0,0,0,0,0,0,0,0,0,0,44,44,44,44,39,40,41,39,39,39,39,40,40,40,40,41,41,41,42,43,42,43,44,44,44,45,49,45,45,46,46,47,44,45,45,45,45,45,45,45,45,45,45,44,44,44,44,54,46,51,52,55,53,53,56,55,58,58,59,60,65,61,61,63,62,62,62,62,62,62,65,64,64,71,61,61,61,60,65,62,60,59,59,62,62,60,61,65,63,63,63,69,67,69,69,69,91,92,72,73,73,89,75,95,96,94,95,88,80,76,96,95,87,83,93,83,74,93,76,74,95,74,93,95,94,93,107,98,101,95,115,160,176,182,169,184,186,173,201,202,202,209,211,211,212,212,226,221,228,221,226,209,211,211,214,220,203,199,199,199,200,199,175,186,189,188,174,179,163,173,176,176,176,173,153,150,148,0,0,0,0,0,0,0,0,0,0,0,0,0,0,0,0,0,0,0,0,0,0,0,0,0,0,0,0,0,0,0
0,0,0,0,0,0,0,0,0,0,0,35,36,36,37,37,37,37,38,39,39,39,40,40,40,40,41,41,41,42,42,43,44,46,45,45,46,47,49,47,46,45,45,48,45,45,45,45,44,45,45,45,43,43,43,42,42,42,42,44,44,52,49,51,51,52,54,55,61,56,61,62,63,60,60,61,62,62,62,62,62,62,62,61,65,61,60,60,60,60,59,59,60,59,58,59,58,62,62,62,64,62,69,66,67,68,71,82,82,72,71,72,79,75,77,95,93,94,95,80,79,76,74,86,92,95,92,74,74,75,74,93,90,90,93,87,95,95,92,101,85,87,114,88,150,154,150,197,172,161,177,199,197,201,201,201,201,202,201,191,201,189,200,200,186,194,188,199,190,190,182,191,191,188,187,186,178,184,184,134,179,177,175,175,151,163,162,138,0,0,0,0,0,0,0,0,0,0,0,0,0,0,0,0,0,0,0,0,0,0,0,0,0,0,0,0,0,0,0
0,0,0,0,0,0,0,0,0,0,0,44,36,38,38,37,37,38,45,38,38,39,39,39,39,40,41,41,43,41,42,42,43,43,43,43,44,44,44,44,48,48,48,48,43,43,43,43,43,43,41,41,40,42,41,41,40,40,40,41,41,42,42,44,52,49,51,51,52,51,62,63,62,62,61,62,59,59,59,60,64,60,61,61,65,63,60,63,60,58,58,62,59,59,58,58,58,62,62,67,67,70,64,64,64,64,66,83,80,74,75,68,69,100,72,73,73,93,93,95,73,73,73,90,97,100,86,85,72,73,73,93,93,93,90,71,72,73,74,74,100,94,86,109,89,87,102,154,116,154,159,170,172,174,153,174,186,186,183,181,199,188,175,191,186,182,182,174,177,177,179,174,152,175,176,175,176,175,135,169,173,152,165,163,145,162,132,140,0,0,0,0,0,0,0,0,0,0,0,0,0,0,0,0,0,0,0,0,0,0,0,0,0,0,0,0,0,0,0
0,0,0,0,0,0,0,0,0,0,0,32,43,48,50,44,42,42,40,40,48,42,43,43,43,42,42,42,43,43,43,43,43,43,44,45,45,44,48,45,45,45,44,44,44,44,44,44,43,44,42,42,41,42,41,40,40,39,39,39,39,40,40,40,41,46,56,50,51,51,51,51,53,59,61,61,56,59,58,60,60,62,62,62,65,61,61,60,60,58,59,63,60,60,65,65,65,62,60,66,61,61,63,64,64,65,66,67,75,74,74,67,67,68,70,72,90,92,95,93,93,89,79,93,89,88,72,74,83,73,72,90,90,93,90,70,70,70,69,71,94,80,95,95,86,87,98,121,146,150,137,132,144,160,166,169,155,173,169,173,169,175,160,193,175,175,175,175,175,175,174,178,173,166,133,175,163,152,152,157,124,145,139,137,138,137,127,144,0,0,0,0,0,0,0,0,0,0,0,0,0,0,0,0,0,0,0,0,0,0,0,0,0,0,0,0,0,0,0
0,0,0,0,0,0,0,0,0,0,0,32,32,43,47,43,48,46,50,49,48,48,49,49,47,48,52,52,51,45,43,43,42,41,40,41,40,44,40,40,46,41,47,50,48,46,46,41,43,40,40,39,39,40,39,39,39,38,38,38,38,38,38,39,39,39,40,41,42,46,50,48,48,51,62,62,60,61,60,56,61,57,62,62,59,60,59,60,59,59,61,59,59,59,58,58,58,59,59,62,60,61,62,62,65,63,64,64,68,73,78,67,67,67,68,69,70,70,86,87,89,87,72,92,94,89,88,81,72,72,71,71,87,73,90,90,93,95,72,71,95,91,87,87,89,101,97,102,126,136,95,154,133,160,133,158,154,145,154,166,152,175,175,175,175,169,152,126,152,136,144,134,133,132,133,145,145,144,145,131,135,133,135,132,138,143,136,130,0,0,0,0,0,0,0,0,0,0,0,0,0,0,0,0,0,0,0,0,0,0,0,0,0,0,0,0,0,0,0
0,0,0,0,0,0,0,0,0,0,0,29,29,29,29,31,31,47,49,39,50,43,49,49,46,44,41,41,41,40,39,38,38,38,38,38,37,38,45,38,37,41,38,44,38,40,42,38,38,38,38,39,38,38,38,38,37,37,37,37,37,37,38,38,38,38,39,44,39,40,40,43,44,49,48,50,52,60,61,62,57,57,62,62,59,64,61,61,61,61,62,60,61,60,65,60,60,59,61,59,62,59,64,61,60,62,61,62,63,65,67,66,67,66,66,66,66,68,69,70,71,86,72,72,82,72,78,72,78,73,72,73,73,90,89,73,73,88,73,72,71,72,89,77,89,87,94,85,82,98,97,132,100,107,108,137,136,138,124,160,146,138,138,152,164,164,163,161,160,145,124,134,123,133,135,145,136,134,127,127,129,142,124,123,122,127,124,137,0,0,0,0,0,0,0,0,0,0,0,0,0,0,0,0,0,0,0,0,0,0,0,0,0,0,0,0,0,0,0
0,0,0,0,0,0,0,0,0,0,0,36,35,43,36,32,44,45,45,46,46,44,46,39,37,36,36,37,36,36,36,35,44,35,35,35,35,38,38,40,38,38,35,37,36,36,37,37,37,37,37,37,39,38,38,38,38,38,38,38,38,38,38,38,38,38,38,38,39,39,39,39,42,45,50,53,49,50,50,61,60,55,63,64,62,62,59,62,62,65,61,61,60,60,65,60,59,59,59,59,59,59,60,61,60,61,62,61,70,64,65,65,65,65,66,66,67,68,69,71,72,90,87,87,87,87,88,75,85,85,75,75,83,95,77,94,77,77,90,95,81,85,81,87,89,87,94,90,97,95,97,86,95,93,111,111,118,117,103,117,115,127,106,135,133,128,106,101,112,130,130,135,137,141,141,141,134,127,130,127,127,122,121,134,120,129,134,126,0,0,0,0,0,0,0,0,0,0,0,0,0,0,0,0,0,0,0,0,0,0,0,0,0,0,0,0,0,0,0
0,0,0,0,0,0,0,0,0,0,0,32,32,32,32,32,36,37,43,42,40,38,37,37,36,36,36,36,36,35,35,38,37,37,34,34,33,36,33,33,33,33,33,37,35,34,35,35,36,36,36,36,37,37,37,37,37,37,38,38,38,38,38,38,38,38,38,38,39,39,40,41,40,40,41,50,53,50,49,51,52,50,52,60,61,62,61,60,58,59,60,60,59,59,59,59,59,59,58,59,58,58,58,58,58,59,59,58,62,62,62,63,64,64,65,65,65,65,67,70,71,90,86,86,90,87,90,75,88,95,88,79,95,95,95,90,86,83,82,97,94,89,95,86,79,80,90,90,97,96,90,86,95,82,89,100,94,110,98,91,87,102,115,116,115,94,137,129,135,108,116,124,124,124,124,135,129,129,129,129,142,126,138,124,123,122,145,123,0,0,0,0,0,0,0,0,0,0,0,0,0,0,0,0,0,0,0,0,0,0,0,0,0,0,0,0,0,0,0
0,0,0,0,0,0,0,0,0,0,0,29,29,29,29,35,34,34,36,39,39,40,35,35,35,35,35,35,35,35,35,34,34,33,32,33,48,34,37,34,41,37,34,34,35,36,36,37,37,37,37,38,38,38,38,38,38,38,38,39,39,39,40,40,40,41,48,42,43,43,43,43,44,50,50,50,48,50,50,51,50,50,51,51,60,61,60,59,57,60,60,60,59,58,58,58,59,59,63,59,58,58,58,57,61,57,58,58,59,67,61,61,61,63,63,64,64,64,70,71,69,69,70,74,74,90,89,88,76,91,90,90,75,94,93,88,91,98,90,87,80,80,80,91,76,83,78,86,89,90,90,87,96,85,91,97,98,85,85,88,102,101,101,102,97,97,93,102,93,102,100,104,106,105,107,130,127,127,123,125,131,122,127,107,132,139,125,125,0,0,0,0,0,0,0,0,0,0,0,0,0,0,0,0,0,0,0,0,0,0,0,0,0,0,0,0,0,0,0
0,0,0,0,0,0,0,0,0,0,0,28,28,29,35,29,30,30,30,42,44,41,37,36,36,36,36,36,37,37,36,35,33,31,32,32,32,33,31,31,33,33,35,41,37,38,40,42,48,49,49,50,50,50,51,53,52,44,45,54,54,54,54,51,51,51,50,50,54,48,47,50,48,48,48,47,48,48,50,50,50,52,53,54,55,55,56,57,58,65,61,62,62,59,59,59,64,62,62,62,60,59,59,61,58,58,57,60,61,57,59,59,58,58,59,60,62,62,71,71,69,64,67,68,68,80,82,82,70,77,85,86,91,82,78,90,85,79,92,86,88,87,95,91,84,86,77,77,94,81,86,91,86,86,91,86,79,90,97,87,84,88,88,88,87,91,90,92,94,95,88,101,99,101,101,105,101,105,123,123,122,128,105,123,112,118,115,110,0,0,0,0,0,0,0,0,0,0,0,0,0,0,0,0,0,0,0,0,0,0,0,0,0,0,0,0,0,0,0
0,0,0,0,0,0,0,0,0,0,0,26,26,26,27,27,26,26,43,45,45,46,50,45,47,47,48,44,48,44,43,43,42,43,41,41,44,37,44,44,44,37,38,40,48,49,48,50,54,50,52,52,53,45,54,56,56,56,55,54,52,52,51,51,52,51,62,54,51,51,51,51,51,51,51,50,51,51,49,49,50,52,53,51,54,50,56,57,57,60,60,62,62,63,63,63,58,58,58,59,59,59,59,62,58,59,58,58,58,58,58,57,58,58,57,58,58,60,60,62,66,62,62,64,65,68,82,87,85,78,95,95,83,88,89,90,87,86,87,89,89,88,87,86,88,91,87,86,85,85,86,94,94,75,84,83,87,87,97,87,83,85,83,94,88,89,94,96,92,102,102,101,102,105,102,106,107,105,105,107,117,122,123,130,128,116,105,116,0,0,0,0,0,0,0,0,0,0,0,0,0,0,0,0,0,0,0,0,0,0,0,0,0,0,0,0,0,0,0
0,0,0,0,0,0,0,0,0,0,0,26,25,24,25,24,29,28,46,52,47,50,59,56,54,52,51,51,49,50,48,63,49,60,60,51,53,51,50,53,53,53,61,62,63,60,60,61,60,55,51,52,61,62,62,62,63,61,61,61,61,57,55,56,57,56,52,51,51,51,53,53,53,53,53,52,52,51,52,52,52,52,52,52,53,53,54,54,55,55,56,55,58,60,60,60,60,60,60,60,57,57,60,58,58,58,58,58,57,57,57,57,56,56,56,56,56,57,56,58,59,60,60,62,64,65,77,87,87,78,94,95,95,93,99,118,90,118,118,108,100,85,94,90,92,91,90,89,93,87,86,91,90,81,80,79,92,87,92,89,87,90,87,87,90,88,97,98,103,102,102,107,101,106,107,107,124,103,113,113,123,107,107,137,108,110,107,107,0,0,0,0,0,0,0,0,0,0,0,0,0,0,0,0,0,0,0,0,0,0,0,0,0,0,0,0,0,0,0
0,0,0,0,0,0,0,0,0,0,0,30,43,43,43,42,43,43,46,50,51,66,61,54,62,65,57,55,66,65,57,66,66,66,69,67,68,67,67,69,68,66,70,69,68,68,63,63,63,66,66,67,66,66,65,64,63,62,62,61,61,61,58,59,59,59,57,55,53,50,49,52,52,51,51,51,51,51,51,51,51,51,51,52,52,52,53,53,53,53,53,54,54,55,55,55,55,56,59,57,59,59,60,56,56,55,56,56,56,56,56,56,56,59,55,56,56,56,62,57,58,59,60,62,63,63,87,66,68,84,78,94,100,101,108,108,118,88,87,118,133,93,118,100,100,92,99,105,102,92,111,94,93,86,86,86,90,87,87,87,86,85,87,101,92,85,92,94,97,93,98,100,100,102,100,101,101,104,107,101,101,101,101,101,104,105,107,104,0,0,0,0,0,0,0,0,0,0,0,0,0,0,0,0,0,0,0,0,0,0,0,0,0,0,0,0,0,0,0
0,0,0,0,0,0,0,0,0,0,0,45,47,45,45,45,47,45,57,57,50,71,68,56,69,66,71,71,73,73,74,73,73,67,68,66,68,70,72,72,72,71,72,72,72,71,71,71,71,69,68,70,73,68,68,66,66,67,66,67,66,66,65,63,55,60,61,61,60,62,50,50,54,54,53,51,52,52,52,51,50,51,50,50,50,50,50,50,50,51,51,51,52,56,52,52,53,53,53,54,54,56,56,56,55,55,56,56,56,56,57,57,57,57,57,57,57,57,62,58,58,57,59,59,64,64,64,65,65,66,71,87,94,94,95,101,96,105,125,89,100,99,132,108,111,134,117,90,95,95,102,101,101,94,97,92,86,99,87,85,86,82,87,87,85,86,86,87,90,89,98,93,93,102,100,96,103,100,109,103,99,99,104,103,105,108,107,105,0,0,0,0,0,0,0,0,0,0,0,0,0,0,0,0,0,0,0,0,0,0,0,0,0,0,0,0,0,0,0
0,0,0,0,0,0,0,0,0,0,0,51,48,51,50,58,54,57,58,53,61,71,75,70,71,72,72,73,75,75,76,76,75,76,76,76,76,76,72,78,78,76,76,77,76,75,75,75,75,76,76,72,76,71,71,71,64,71,66,71,71,73,73,65,64,62,59,63,60,55,62,62,58,60,56,54,54,54,53,53,51,51,51,51,51,50,51,51,51,50,50,51,51,52,52,52,52,53,53,53,54,54,55,55,55,55,55,57,55,58,58,57,58,57,58,58,59,65,60,65,61,60,73,65,65,87,82,67,67,68,80,87,75,89,83,80,93,86,94,83,84,97,82,82,87,92,93,97,110,99,111,97,97,91,96,93,92,86,91,86,91,83,81,86,87,82,82,83,84,86,87,87,95,93,97,98,93,91,92,93,101,101,95,102,101,122,122,100,0,0,0,0,0,0,0,0,0,0,0,0,0,0,0,0,0,0,0,0,0,0,0,0,0,0,0,0,0,0,0
0,0,0,0,0,0,0,0,0,0,0,62,62,62,57,54,53,53,53,62,57,66,50,70,57,67,68,70,72,71,73,74,73,69,75,72,73,75,74,72,72,75,73,73,73,72,72,72,72,71,71,72,75,71,70,69,70,64,63,64,67,67,66,65,63,65,64,62,61,61,61,57,59,59,58,55,59,58,56,54,55,52,52,52,51,60,53,53,53,53,53,53,54,54,54,54,54,54,54,54,55,55,56,56,56,57,57,57,59,60,60,62,60,62,60,60,60,64,67,66,77,81,82,74,67,74,67,80,67,72,71,68,78,72,75,73,87,84,81,86,82,82,102,91,90,90,97,89,89,94,97,85,88,97,88,88,91,88,90,86,90,86,79,82,81,77,83,78,79,87,80,84,87,85,87,94,92,93,100,95,91,99,95,101,99,98,97,98,0,0,0,0,0,0,0,0,0,0,0,0,0,0,0,0,0,0,0,0,0,0,0,0,0,0,0,0,0,0,0
0,0,0,0,0,0,0,0,0,0,0,48,60,65,65,63,61,61,60,61,60,61,50,64,64,64,64,64,67,67,68,68,69,69,66,69,69,73,73,72,73,72,72,72,72,71,72,72,72,72,72,71,70,70,70,69,69,70,68,64,64,65,63,61,62,64,63,61,61,61,61,60,59,50,58,58,58,57,56,55,55,54,52,52,53,54,53,53,53,54,53,54,54,54,55,55,55,55,55,55,55,56,56,56,56,57,57,57,62,58,60,65,67,65,67,65,66,66,69,69,68,67,67,67,67,67,67,67,66,65,65,65,66,71,67,67,86,67,77,88,76,79,93,88,89,86,90,90,90,97,93,85,88,99,90,87,90,88,90,88,87,87,87,82,82,81,78,78,84,78,79,80,81,98,83,84,85,90,89,101,101,101,96,88,88,96,90,91,0,0,0,0,0,0,0,0,0,0,0,0,0,0,0,0,0,0,0,0,0,0,0,0,0,0,0,0,0,0,0
0,0,0,0,0,0,0,0,0,0,0,54,59,45,47,53,60,55,56,45,55,56,63,51,46,57,56,56,58,64,64,67,71,71,69,70,70,73,73,75,76,76,76,76,77,76,76,74,74,75,70,72,74,69,69,70,71,67,66,62,63,62,60,60,59,59,62,58,58,59,58,58,57,57,57,57,50,57,55,55,55,54,54,54,54,53,53,53,61,54,61,54,54,55,55,55,55,55,55,56,56,56,56,56,58,57,57,57,62,58,58,60,66,65,68,68,68,69,73,71,71,70,69,69,68,67,67,68,67,67,67,67,67,67,67,79,65,77,82,65,69,71,74,75,85,80,84,83,93,92,83,87,93,90,87,87,86,85,89,86,86,86,80,79,79,77,82,81,79,82,76,75,75,76,78,77,77,78,84,85,97,84,87,81,81,89,89,88,0,0,0,0,0,0,0,0,0,0,0,0,0,0,0,0,0,0,0,0,0,0,0,0,0,0,0,0,0,0,0
0,0,0,0,0,0,0,0,0,0,0,56,59,50,57,60,53,52,51,56,53,56,57,58,59,58,59,58,52,49,62,65,66,67,71,71,71,69,69,71,72,73,73,75,75,76,73,78,63,77,76,76,76,76,75,72,66,63,63,65,65,62,61,60,58,58,58,58,57,57,58,58,58,59,59,58,58,59,57,58,56,58,58,58,57,55,57,61,60,60,54,54,56,56,56,56,56,56,57,57,57,57,57,57,58,58,58,59,62,59,59,62,64,62,60,67,68,72,70,72,72,69,72,68,68,67,70,67,68,67,67,67,82,82,79,82,66,84,84,66,68,69,75,75,75,76,76,85,81,94,86,87,87,89,89,86,86,86,86,86,86,88,87,88,86,87,87,87,86,84,87,85,79,78,77,79,80,80,82,80,81,81,82,81,81,81,80,85,0,0,0,0,0,0,0,0,0,0,0,0,0,0,0,0,0,0,0,0,0,0,0,0,0,0,0,0,0,0,0
0,0,0,0,0,0,0,0,0,0,0,48,47,57,44,39,47,45,50,44,55,56,50,54,45,54,55,53,56,62,58,62,63,64,57,58,66,66,66,67,68,69,69,70,71,73,74,74,74,75,71,73,66,69,72,72,72,63,63,63,61,63,61,62,60,59,59,58,58,58,58,59,59,60,59,59,59,61,59,58,61,61,60,59,60,62,61,58,62,58,62,57,57,57,58,57,57,58,58,58,58,58,58,59,58,59,59,59,62,62,60,60,63,64,61,66,66,69,69,70,70,70,75,70,69,69,68,76,69,69,69,69,69,81,84,88,84,88,84,84,69,72,70,71,72,72,74,75,87,83,86,87,90,90,91,101,99,90,97,87,89,90,88,93,92,92,92,91,83,87,85,81,79,82,80,77,78,80,78,80,80,79,81,86,79,81,81,81,0,0,0,0,0,0,0,0,0,0,0,0,0,0,0,0,0,0,0,0,0,0,0,0,0,0,0,0,0,0,0
0,0,0,0,0,0,0,0,0,0,0,46,46,46,46,47,42,55,45,45,54,49,50,51,52,52,53,45,54,54,54,56,64,62,54,56,67,67,67,64,65,66,67,69,70,71,70,71,71,75,74,75,75,71,75,74,72,72,63,63,59,66,63,65,64,62,60,59,58,58,58,58,58,58,58,57,60,57,57,57,58,60,58,58,57,57,57,57,58,58,58,58,58,58,58,62,58,58,59,58,59,59,59,60,60,61,62,63,65,60,64,65,62,63,63,75,66,76,69,68,69,69,70,70,69,70,69,69,70,70,70,70,70,70,70,70,70,70,70,80,72,72,72,72,73,73,80,89,89,78,87,84,86,87,93,93,99,91,93,101,99,101,91,89,88,93,91,91,90,87,92,93,91,83,81,81,79,79,77,78,79,80,87,81,80,80,81,81,0,0,0,0,0,0,0,0,0,0,0,0,0,0,0,0,0,0,0,0,0,0,0,0,0,0,0,0,0,0,0
0,0,0,0,0,0,0,0,0,0,0,57,55,55,53,50,48,48,52,50,48,48,48,48,48,48,48,49,49,50,50,53,55,56,59,64,60,64,62,63,63,69,65,66,67,68,69,69,70,71,71,71,71,69,69,69,69,69,64,64,64,66,63,65,63,62,61,59,59,58,57,57,56,56,55,54,55,55,55,55,55,55,57,57,58,54,56,55,57,55,55,57,56,56,56,57,57,57,57,59,58,59,59,61,61,63,63,62,67,71,77,76,71,77,69,76,70,69,71,71,71,71,71,71,71,71,81,71,78,81,72,72,73,72,73,73,74,73,74,74,75,75,75,75,75,75,84,76,88,77,87,78,87,87,83,87,92,94,94,87,93,93,90,90,87,85,86,94,94,92,92,93,93,91,92,87,90,93,90,88,87,87,86,86,83,83,97,85,0,0,0,0,0,0,0,0,0,0,0,0,0,0,0,0,0,0,0,0,0,0,0,0,0,0,0,0,0,0,0
0,0,0,0,0,0,0,0,0,0,0,47,53,52,52,42,42,42,47,51,49,41,49,49,50,50,50,43,44,45,46,47,48,50,52,51,56,55,59,66,64,64,66,67,66,65,66,67,68,68,68,69,66,63,63,63,66,63,67,67,63,67,68,67,63,61,61,59,58,57,57,55,55,57,54,53,53,53,53,52,53,53,53,53,53,53,54,54,54,53,53,54,54,55,55,56,56,56,57,57,57,58,57,59,62,61,63,61,65,64,64,64,64,66,66,66,68,68,68,73,69,69,68,68,68,69,69,69,70,70,71,71,71,71,73,72,73,73,73,73,73,74,73,74,75,74,76,77,76,76,76,76,78,78,84,77,78,78,78,94,92,88,85,88,88,87,87,88,87,80,82,80,92,86,87,89,87,97,101,101,100,94,92,84,101,98,92,96,0,0,0,0,0,0,0,0,0,0,0,0,0,0,0,0,0,0,0,0,0,0,0,0,0,0,0,0,0,0,0
0,0,0,0,0,0,0,0,0,0,0,51,51,49,48,48,41,41,40,47,47,47,47,41,48,42,45,44,42,42,46,47,47,48,49,49,49,54,54,59,65,63,62,64,67,66,69,68,69,76,76,73,72,72,73,73,72,94,73,73,80,71,72,71,73,63,62,61,60,60,53,56,54,57,51,52,51,52,50,50,50,52,50,50,52,51,51,52,52,51,53,53,53,54,50,54,54,55,55,57,56,56,57,61,58,61,61,58,63,62,62,64,63,64,64,66,67,75,72,68,69,65,69,70,81,71,72,76,72,71,72,72,87,76,76,74,74,75,75,75,75,81,76,75,75,80,75,75,76,75,76,76,76,76,86,76,87,85,81,75,75,75,75,75,75,74,74,74,74,74,74,74,81,73,80,84,80,80,84,85,98,84,82,80,75,80,81,97,0,0,0,0,0,0,0,0,0,0,0,0,0,0,0,0,0,0,0,0,0,0,0,0,0,0,0,0,0,0,0
0,0,0,0,0,0,0,0,0,0,0,35,37,40,37,37,37,37,37,47,48,40,41,41,48,43,42,43,42,45,46,45,47,47,48,49,49,51,54,51,58,59,63,60,61,71,72,73,75,69,73,70,73,77,100,92,76,95,103,71,93,91,74,76,70,66,68,63,63,57,58,53,53,50,49,51,48,48,47,48,51,48,47,50,48,50,50,51,51,50,50,53,53,54,53,54,55,55,55,56,56,56,57,57,61,58,58,62,60,63,63,63,64,62,66,64,63,64,68,67,68,68,71,69,69,70,69,71,71,71,72,71,72,72,73,73,73,73,73,80,73,74,74,74,74,74,74,74,74,74,74,83,75,74,74,75,75,74,74,74,74,74,82,73,73,73,73,73,73,73,73,73,72,72,72,72,71,71,71,72,73,73,72,80,72,79,80,81,0,0,0,0,0,0,0,0,0,0,0,0,0,0,0,0,0,0,0,0,0,0,0,0,0,0,0,0,0,0,0
0,0,0,0,0,0,0,0,0,0,0,44,33,34,35,36,35,36,36,36,37,41,41,42,42,42,44,44,45,43,45,46,46,47,47,48,48,50,50,51,51,51,51,51,53,54,54,56,61,63,63,63,64,73,75,76,76,71,71,71,72,76,77,70,71,71,66,64,63,60,60,60,53,51,51,49,48,47,47,45,46,48,46,46,46,46,48,50,50,48,50,53,54,54,55,55,55,56,56,56,57,57,57,57,57,59,59,62,61,62,63,62,63,62,64,63,65,63,67,67,66,68,66,68,68,69,69,70,70,70,70,76,70,71,71,71,71,71,72,72,72,72,72,72,72,72,72,72,72,72,72,72,72,72,72,72,72,72,71,72,71,83,72,72,73,81,72,72,72,72,72,72,72,72,72,72,72,72,74,75,82,79,80,90,81,87,87,80,0,0,0,0,0,0,0,0,0,0,0,0,0,0,0,0,0,0,0,0,0,0,0,0,0,0,0,0,0,0,0
0,0,0,0,0,0,0,0,0,0,0,31,32,32,33,34,34,35,35,36,37,37,38,42,43,43,44,44,42,45,45,46,46,47,47,47,47,48,49,50,50,49,50,50,50,51,52,53,55,63,63,62,61,64,63,63,63,73,76,76,76,76,76,73,79,70,69,72,64,60,59,60,55,52,52,49,47,46,47,45,48,46,46,46,46,47,47,48,48,50,49,52,53,54,54,54,55,55,55,56,56,56,57,57,57,58,58,61,58,61,60,61,62,62,63,63,64,66,64,65,66,66,65,68,68,69,69,69,69,70,70,70,70,71,71,71,71,71,71,72,72,72,72,72,72,72,71,71,71,71,71,71,71,70,70,70,70,88,87,69,70,70,70,70,70,78,71,71,71,70,70,75,75,71,75,71,70,70,71,72,73,73,73,80,80,79,79,72,0,0,0,0,0,0,0,0,0,0,0,0,0,0,0,0,0,0,0,0,0,0,0,0,0,0,0,0,0,0,0
0,0,0,0,0,0,0,0,0,0,0,33,33,46,36,42,45,45,45,37,37,38,41,41,44,42,42,43,50,42,42,42,42,42,42,42,42,42,44,42,44,43,44,45,45,44,44,42,44,49,51,54,56,62,61,73,62,63,61,73,73,73,71,72,73,63,70,67,71,62,57,59,61,56,59,59,52,52,51,52,50,49,49,49,49,49,50,50,52,52,51,51,52,53,54,53,54,55,55,56,55,56,57,58,57,57,59,59,60,60,59,60,60,61,61,63,62,65,63,63,64,64,65,64,65,66,68,67,67,68,69,69,70,70,71,71,71,72,72,72,72,77,72,73,73,73,72,72,71,71,79,70,70,70,70,75,69,68,68,68,82,76,69,80,68,68,68,68,70,68,69,68,69,69,68,68,68,68,68,66,67,67,67,66,66,79,79,67,0,0,0,0,0,0,0,0,0,0,0,0,0,0,0,0,0,0,0,0,0,0,0,0,0,0,0,0,0,0,0
0,0,0,0,0,0,0,0,0,0,0,31,31,32,41,46,36,36,36,37,38,40,40,43,53,45,41,42,48,47,42,42,43,42,42,48,47,41,41,42,42,44,44,43,43,44,43,46,46,44,42,46,56,47,48,50,54,60,69,62,63,69,72,66,72,69,52,63,65,64,59,57,56,59,57,59,60,59,54,52,52,50,50,49,49,54,50,50,50,50,50,59,50,51,50,52,52,54,54,54,53,55,57,56,56,57,58,60,57,59,58,60,61,61,61,61,62,62,61,61,62,63,64,64,64,66,65,66,67,69,68,69,80,71,71,71,73,72,72,72,72,72,72,72,72,71,71,73,71,71,71,72,71,72,72,72,87,81,87,87,80,80,80,71,71,80,71,71,71,71,70,70,69,67,67,67,66,66,65,64,64,63,64,79,65,79,68,67,0,0,0,0,0,0,0,0,0,0,0,0,0,0,0,0,0,0,0,0,0,0,0,0,0,0,0,0,0,0,0
0,0,0,0,0,0,0,0,0,0,0,30,41,31,41,32,34,37,35,35,35,38,39,44,44,44,40,40,41,41,41,41,41,41,41,41,41,43,40,40,40,40,40,40,41,40,40,38,40,39,40,42,42,42,42,43,44,46,50,56,61,60,60,62,63,66,63,63,59,62,61,60,57,61,60,57,61,61,56,55,52,54,52,51,51,51,51,51,57,51,51,51,57,51,52,52,54,54,54,54,55,54,55,57,57,59,59,60,59,60,60,60,61,61,61,61,62,61,63,63,64,65,64,65,65,65,68,66,68,68,68,69,69,69,69,70,70,70,69,69,68,74,72,71,71,68,70,69,73,70,71,71,72,76,86,87,87,81,85,93,92,88,92,94,91,86,85,82,82,87,76,73,80,69,67,67,66,66,65,65,80,80,77,77,78,79,67,67,0,0,0,0,0,0,0,0,0,0,0,0,0,0,0,0,0,0,0,0,0,0,0,0,0,0,0,0,0,0,0
0,0,0,0,0,0,0,0,0,0,0,29,29,29,29,30,31,34,33,33,32,34,34,36,37,43,38,39,38,38,39,39,42,39,39,41,39,39,39,38,38,38,38,38,39,37,36,43,37,37,39,38,37,39,39,39,41,42,44,43,55,58,57,56,58,55,52,63,63,63,63,62,63,57,56,61,58,62,55,57,54,54,53,52,52,52,52,51,51,50,50,50,51,52,53,53,54,55,55,59,56,56,56,59,61,61,60,61,60,61,61,62,62,62,63,61,63,65,69,65,66,66,67,66,66,66,67,67,67,67,67,67,67,67,67,67,69,67,68,69,67,71,71,71,72,71,68,64,68,83,94,89,87,87,93,88,90,131,85,109,101,131,124,107,124,91,92,84,87,82,75,70,68,66,65,65,65,66,66,79,78,66,79,67,69,69,79,80,0,0,0,0,0,0,0,0,0,0,0,0,0,0,0,0,0,0,0,0,0,0,0,0,0,0,0,0,0,0,0
0,0,0,0,0,0,0,0,0,0,0,29,29,30,30,30,31,32,31,34,33,35,42,35,36,39,40,41,43,40,39,40,40,46,41,40,40,45,42,41,40,40,38,39,39,36,44,41,39,34,33,35,33,33,33,33,36,44,38,38,42,44,44,59,63,63,66,51,60,63,52,63,52,59,61,60,62,59,58,57,51,49,47,48,48,47,46,45,45,46,47,49,50,54,49,53,54,52,52,52,54,56,56,58,57,57,57,60,58,58,58,59,63,64,62,59,62,65,61,63,66,66,65,65,65,64,67,65,64,64,64,63,63,62,62,66,66,65,62,57,57,57,57,67,72,65,66,81,84,86,79,79,77,85,91,101,111,112,133,131,117,132,156,134,101,100,93,87,89,85,82,80,80,81,72,80,71,78,80,76,68,68,68,79,71,68,69,69,0,0,0,0,0,0,0,0,0,0,0,0,0,0,0,0,0,0,0,0,0,0,0,0,0,0,0,0,0,0,0
0,0,0,0,0,0,0,0,0,0,0,33,41,40,33,33,33,33,33,33,38,33,33,34,36,35,35,36,44,42,36,36,39,36,43,43,43,37,38,42,37,37,37,37,37,36,43,35,34,31,31,31,31,31,31,31,33,31,33,34,39,42,41,61,61,52,52,71,54,59,59,69,61,63,56,58,63,57,51,54,50,51,50,50,48,45,43,42,48,43,42,49,50,53,46,52,49,47,50,51,50,53,54,51,59,59,57,55,57,57,58,59,60,60,62,64,62,71,66,66,65,62,62,65,62,60,58,61,62,59,57,58,57,56,56,54,54,54,54,55,55,55,58,60,80,75,87,96,87,85,95,85,131,119,101,133,135,113,132,133,133,145,156,143,92,132,133,90,84,93,90,92,91,79,79,82,81,71,70,77,72,71,71,70,69,69,69,69,0,0,0,0,0,0,0,0,0,0,0,0,0,0,0,0,0,0,0,0,0,0,0,0,0,0,0,0,0,0,0
0,0,0,0,0,0,0,0,0,0,0,27,25,25,29,24,36,37,38,30,30,31,31,32,33,33,33,34,34,34,35,35,35,42,37,43,38,41,43,38,38,36,36,35,35,35,34,31,33,31,30,30,30,30,30,30,31,34,33,31,32,39,42,42,52,44,42,69,59,58,52,69,73,61,93,57,58,64,58,61,59,51,51,50,50,50,50,48,48,45,41,43,43,45,45,45,46,45,46,51,47,47,49,55,59,49,49,49,50,51,55,59,59,57,60,60,60,53,60,59,62,62,62,61,61,59,63,57,62,57,59,61,75,80,75,80,76,80,81,79,78,87,87,87,86,88,102,104,106,98,107,101,133,114,140,140,131,139,139,139,139,140,140,140,133,101,97,134,92,108,100,92,109,90,92,89,80,76,82,72,72,71,69,68,67,67,67,69,0,0,0,0,0,0,0,0,0,0,0,0,0,0,0,0,0,0,0,0,0,0,0,0,0,0,0,0,0,0,0
0,0,0,0,0,0,0,0,0,0,0,24,25,26,28,27,30,32,33,33,38,33,37,40,35,36,40,37,37,37,38,39,38,39,42,42,40,39,36,39,39,36,35,35,34,33,31,32,31,30,31,39,30,30,30,30,30,33,32,33,34,38,40,41,57,43,58,60,71,57,62,62,61,61,59,69,57,71,61,60,52,50,51,50,51,50,49,48,43,41,42,41,43,44,43,49,47,44,45,47,48,45,46,48,47,47,47,47,47,47,46,45,47,51,52,47,49,53,47,55,47,51,61,53,54,56,66,66,76,75,78,94,95,92,93,97,117,112,124,130,132,128,124,131,130,131,131,140,124,131,140,141,133,133,141,140,140,140,140,139,139,138,137,112,133,133,108,92,109,124,123,108,118,101,92,91,90,92,88,84,76,80,72,76,70,79,79,67,0,0,0,0,0,0,0,0,0,0,0,0,0,0,0,0,0,0,0,0,0,0,0,0,0,0,0,0,0,0,0
0,0,0,0,0,0,0,0,0,0,0,31,31,29,31,33,31,31,34,37,35,39,34,35,36,40,38,37,36,36,37,43,44,39,43,43,37,35,34,34,34,34,33,33,32,31,29,29,31,29,30,30,36,30,29,29,29,32,34,34,34,35,38,38,41,40,55,47,42,58,62,50,50,71,63,71,50,50,52,50,50,48,50,50,49,50,48,50,45,48,44,48,48,44,45,46,47,45,47,47,48,46,47,47,49,51,45,46,44,44,43,44,45,46,47,49,51,62,62,69,57,70,75,76,77,91,90,96,105,118,131,117,122,107,98,131,131,134,133,134,131,132,131,133,134,140,140,139,140,131,134,131,132,125,131,137,137,137,137,129,136,134,135,113,125,133,133,135,108,120,134,97,115,121,107,122,130,121,132,83,97,121,106,81,93,87,86,76,0,0,0,0,0,0,0,0,0,0,0,0,0,0,0,0,0,0,0,0,0,0,0,0,0,0,0,0,0,0,0
0,0,0,0,0,0,0,0,0,0,0,31,31,32,42,35,40,35,37,39,36,36,36,38,37,38,39,42,38,37,38,38,38,37,37,37,37,34,34,34,33,33,33,32,31,31,30,28,28,28,28,29,28,28,28,28,29,31,37,35,35,36,35,41,42,39,42,48,51,47,48,54,49,50,51,50,50,50,47,46,46,47,46,48,49,48,48,45,46,48,46,48,48,46,45,47,49,46,46,47,48,47,47,47,45,45,48,45,46,45,44,42,42,43,45,51,51,77,96,107,102,134,105,106,117,122,107,105,134,128,131,131,127,127,128,135,129,132,132,132,131,131,131,131,133,135,137,137,130,131,134,133,134,134,132,133,106,135,134,127,132,135,135,135,117,124,114,124,134,133,134,131,133,131,121,132,134,130,130,123,105,122,132,125,131,120,131,130,0,0,0,0,0,0,0,0,0,0,0,0,0,0,0,0,0,0,0,0,0,0,0,0,0,0,0,0,0,0,0
0,0,0,0,0,0,0,0,0,0,0,30,31,39,31,35,34,35,40,35,38,35,43,34,34,35,42,39,35,35,39,34,34,43,34,38,33,33,32,32,32,32,32,31,32,31,31,37,30,36,29,29,37,37,29,36,30,31,33,33,39,34,32,35,34,35,38,40,40,43,41,42,45,48,51,48,48,41,42,46,44,48,46,44,43,49,44,45,45,49,49,45,46,45,46,46,49,47,46,47,48,47,48,51,58,51,59,51,55,55,56,47,51,59,76,105,107,107,107,107,105,105,122,120,122,106,128,112,123,123,124,122,123,123,132,125,124,125,125,125,127,129,129,130,130,131,138,139,140,135,139,140,139,129,129,132,137,138,135,137,128,128,132,138,117,129,135,131,132,130,131,133,126,124,124,124,132,131,128,122,121,121,120,124,130,123,128,117,0,0,0,0,0,0,0,0,0,0,0,0,0,0,0,0,0,0,0,0,0,0,0,0,0,0,0,0,0,0,0
0,0,0,0,0,0,0,0,0,0,0,31,28,31,31,35,34,34,34,34,34,34,34,44,34,34,34,37,35,35,35,35,40,34,34,34,38,39,33,34,33,33,38,33,33,31,37,32,31,31,30,30,30,30,30,30,37,30,30,32,34,32,31,33,32,32,35,35,38,36,37,36,38,44,63,46,45,45,45,46,46,46,47,57,57,57,51,51,50,48,50,51,47,47,47,47,47,46,47,47,48,49,49,58,57,59,59,60,60,64,64,84,103,86,104,100,102,105,105,122,107,108,123,106,106,106,110,111,121,113,118,113,122,118,119,122,123,125,126,127,128,118,134,132,131,134,134,133,129,141,140,140,140,140,130,157,131,140,133,139,136,137,132,130,132,137,125,134,131,127,119,118,118,117,116,117,108,119,119,120,121,121,131,121,131,124,124,124,0,0,0,0,0,0,0,0,0,0,0,0,0,0,0,0,0,0,0,0,0,0,0,0,0,0,0,0,0,0,0
0,0,0,0,0,0,0,0,0,0,0,23,25,26,24,32,32,32,34,34,30,34,34,34,35,36,38,35,36,38,40,36,36,40,42,36,36,37,35,35,35,35,39,40,35,34,34,34,32,33,33,32,37,32,37,37,37,39,32,33,34,33,32,33,32,32,34,35,36,37,36,38,41,41,50,50,57,58,58,52,49,49,50,50,55,51,60,56,55,51,50,50,49,47,46,46,46,46,47,48,48,49,58,57,61,64,62,60,85,73,86,95,97,98,105,105,105,105,106,107,106,104,106,105,106,106,107,107,107,109,109,110,112,112,112,113,110,114,114,114,114,130,127,132,134,134,133,138,143,140,131,141,140,142,140,112,140,141,140,140,108,136,139,135,139,130,136,130,127,123,131,122,131,120,120,120,120,122,122,119,122,119,121,131,120,121,122,121,0,0,0,0,0,0,0,0,0,0,0,0,0,0,0,0,0,0,0,0,0,0,0,0,0,0,0,0,0,0,0
0,0,0,0,0,0,0,0,0,0,0,15,17,18,17,22,30,30,37,33,27,28,34,34,36,34,33,38,38,37,38,39,43,43,39,41,39,43,38,39,39,37,41,37,37,36,36,35,35,34,34,33,32,32,32,37,37,36,36,33,36,36,35,35,34,32,36,39,40,39,40,47,42,48,50,58,59,63,63,52,58,51,59,59,60,61,55,59,59,56,50,50,49,47,46,46,49,46,47,51,58,59,61,63,62,61,70,86,84,86,105,99,102,107,108,102,104,107,106,113,104,103,103,103,103,103,103,103,105,104,107,107,107,110,110,110,110,113,113,114,123,124,127,131,134,134,132,141,141,140,140,142,142,142,142,141,133,141,133,141,140,141,140,140,131,139,135,135,128,130,131,133,134,135,134,132,121,126,126,128,121,120,130,123,119,120,129,122,0,0,0,0,0,0,0,0,0,0,0,0,0,0,0,0,0,0,0,0,0,0,0,0,0,0,0,0,0,0,0
0,0,0,0,0,0,0,0,0,0,0,41,41,41,33,31,33,32,37,36,33,38,40,36,35,35,38,36,38,41,38,39,38,37,43,43,43,37,36,40,36,40,35,35,35,35,35,34,34,31,32,31,30,34,31,31,30,31,34,32,37,39,38,41,38,39,38,40,41,43,41,56,49,55,54,56,59,62,60,55,58,60,63,63,62,63,58,56,50,57,50,51,48,47,46,47,46,51,51,58,59,60,61,62,62,59,87,85,107,102,102,99,97,99,102,102,103,103,105,104,103,103,103,104,103,104,104,104,104,108,107,106,110,109,112,112,115,114,116,116,120,128,131,131,132,132,132,134,134,133,134,133,134,132,132,132,130,134,135,130,132,132,132,131,135,135,134,133,134,130,134,134,128,128,131,127,127,127,131,130,130,130,114,128,131,130,123,130,0,0,0,0,0,0,0,0,0,0,0,0,0,0,0,0,0,0,0,0,0,0,0,0,0,0,0,0,0,0,0
0,0,0,0,0,0,0,0,0,0,0,24,26,27,31,31,28,33,33,34,31,36,38,34,34,34,37,34,39,39,34,37,35,39,34,35,36,33,42,36,37,32,32,32,31,32,32,32,30,30,32,30,29,29,29,29,30,34,30,30,33,31,33,36,35,36,36,38,38,41,46,41,50,51,57,57,57,56,63,56,63,58,57,63,63,63,74,72,65,51,48,59,46,49,49,50,60,59,68,76,66,67,66,72,76,74,87,93,105,105,105,102,101,105,102,103,103,103,102,102,102,103,103,103,103,103,104,104,106,108,109,111,111,111,113,112,115,115,116,116,127,130,130,132,132,132,132,132,134,135,134,134,131,135,132,135,135,135,135,132,133,134,134,134,131,134,133,132,132,132,132,131,131,131,130,134,132,131,133,130,130,125,131,127,129,125,121,121,0,0,0,0,0,0,0,0,0,0,0,0,0,0,0,0,0,0,0,0,0,0,0,0,0,0,0,0,0,0,0
0,0,0,0,0,0,0,0,0,0,0,30,32,33,30,33,31,31,31,32,31,31,31,31,41,30,31,31,32,39,30,31,31,31,31,32,31,31,31,31,31,31,31,31,32,32,32,31,30,30,32,31,29,29,29,30,29,29,29,28,30,29,30,33,35,36,64,36,36,38,44,46,50,48,49,53,49,55,64,53,56,63,66,62,70,58,71,83,72,57,61,57,57,57,65,65,66,76,76,84,82,63,83,86,87,95,103,105,105,100,104,103,103,103,103,103,102,102,102,102,103,102,103,104,104,104,104,106,107,109,109,112,113,113,116,117,117,117,120,124,124,127,128,129,129,129,129,129,130,131,130,131,131,133,131,133,131,131,135,131,133,131,131,133,130,133,131,130,130,129,129,128,128,128,128,128,127,127,125,123,128,120,123,133,121,121,123,129,0,0,0,0,0,0,0,0,0,0,0,0,0,0,0,0,0,0,0,0,0,0,0,0,0,0,0,0,0,0,0
0,0,0,0,0,0,0,0,0,0,0,30,29,28,29,31,29,31,31,31,28,27,27,27,27,31,31,27,31,29,27,28,28,29,31,30,31,31,37,32,32,32,33,33,34,33,34,34,34,34,33,38,36,32,32,32,31,35,34,30,30,33,30,32,32,33,37,37,55,56,50,50,64,57,61,63,64,58,63,59,59,75,71,64,58,68,67,71,87,73,81,68,68,71,67,82,83,82,68,86,86,99,95,104,102,105,105,101,106,103,103,103,103,102,102,102,102,101,102,102,102,102,102,102,102,103,105,106,107,108,110,110,113,114,115,115,115,118,124,124,125,130,127,132,134,134,134,134,134,134,134,134,135,134,133,135,134,134,134,134,133,132,132,132,130,131,131,130,132,127,123,123,123,123,121,123,124,120,121,123,123,121,121,115,121,120,110,120,0,0,0,0,0,0,0,0,0,0,0,0,0,0,0,0,0,0,0,0,0,0,0,0,0,0,0,0,0,0,0
0,0,0,0,0,0,0,0,0,0,0,30,28,27,27,27,30,30,28,27,28,28,28,31,27,27,27,28,27,27,32,31,29,29,30,37,36,32,34,33,34,33,34,34,37,36,38,39,35,36,36,40,37,35,33,35,37,42,36,36,30,31,35,32,33,34,34,38,43,56,56,51,50,56,63,56,57,64,71,69,63,61,69,58,66,62,73,73,78,62,71,60,59,85,64,77,69,86,87,92,102,97,106,103,110,106,106,103,103,103,102,102,102,102,101,101,101,101,101,102,102,102,102,102,102,103,104,103,103,106,108,107,113,110,114,115,116,116,120,128,128,132,134,134,134,135,128,135,136,135,135,135,135,133,134,134,134,135,135,133,132,133,132,131,130,134,131,130,128,123,120,119,124,123,120,123,122,131,119,119,128,120,120,113,120,122,94,82,0,0,0,0,0,0,0,0,0,0,0,0,0,0,0,0,0,0,0,0,0,0,0,0,0,0,0,0,0,0,0
0,0,0,0,0,0,0,0,0,0,0,27,29,23,24,24,28,24,28,28,29,25,25,28,25,28,25,26,30,30,27,27,27,31,33,30,33,31,34,32,33,33,38,33,37,37,34,39,44,39,35,35,37,34,34,36,36,36,36,36,36,31,31,32,34,36,35,36,36,36,41,43,37,41,41,50,56,48,56,56,50,50,56,50,56,59,56,59,61,62,63,65,69,72,63,85,96,98,100,95,97,110,102,108,102,102,101,101,101,101,101,101,101,101,101,101,102,102,102,102,103,103,104,104,104,105,105,105,105,108,107,110,111,112,112,115,116,116,122,122,127,124,129,129,135,129,136,131,131,131,131,133,133,130,133,130,133,131,133,132,131,130,130,131,130,133,131,136,130,129,131,134,132,133,134,127,129,124,123,123,115,123,133,120,133,123,85,80,0,0,0,0,0,0,0,0,0,0,0,0,0,0,0,0,0,0,0,0,0,0,0,0,0,0,0,0,0,0,0
0,0,0,0,0,0,0,0,0,0,0,25,24,23,23,24,24,24,24,24,25,26,25,24,29,26,29,26,26,31,27,28,30,29,29,33,34,32,34,33,36,33,33,34,40,34,34,39,37,35,37,35,36,37,34,36,36,32,33,31,31,31,31,32,32,35,36,35,35,35,39,36,36,36,40,43,43,45,45,49,58,58,61,71,66,77,68,68,61,61,90,96,98,103,103,102,103,103,105,105,105,104,105,104,105,103,102,102,102,101,101,101,101,101,101,101,102,102,102,102,103,104,104,104,105,107,107,109,110,109,110,112,112,115,116,116,116,116,117,122,119,125,126,126,127,127,127,128,133,129,131,128,128,128,128,133,129,133,129,130,130,130,130,130,131,131,132,132,131,131,133,134,128,134,135,131,134,131,130,130,120,120,120,130,124,130,124,74,0,0,0,0,0,0,0,0,0,0,0,0,0,0,0,0,0,0,0,0,0,0,0,0,0,0,0,0,0,0,0
0,0,0,0,0,0,0,0,0,0,0,23,23,23,23,24,24,23,24,24,24,25,24,25,25,28,25,26,27,26,31,31,27,28,34,30,35,32,36,32,36,33,33,33,37,33,34,38,37,36,32,34,33,33,33,34,29,32,31,31,29,29,31,29,32,35,35,36,39,37,41,37,38,38,50,56,56,56,58,58,59,64,66,82,79,70,96,94,107,68,105,68,105,105,105,103,104,103,103,103,102,101,102,101,101,102,102,102,102,102,102,102,102,102,102,102,103,103,104,104,104,106,106,106,107,107,111,109,112,113,114,115,116,115,116,116,116,117,120,117,121,122,120,123,125,126,126,126,126,126,127,127,127,127,128,134,128,129,129,129,130,130,131,131,132,132,131,134,133,134,135,138,135,141,142,144,140,137,138,132,134,132,120,124,120,131,122,94,0,0,0,0,0,0,0,0,0,0,0,0,0,0,0,0,0,0,0,0,0,0,0,0,0,0,0,0,0,0,0
0,0,0,0,0,0,0,0,0,0,0,23,23,23,23,23,22,22,23,23,24,24,24,23,27,24,24,25,26,25,28,27,26,26,28,27,28,29,30,29,30,30,31,31,38,34,31,34,31,31,31,31,31,30,30,28,28,28,29,28,33,27,35,35,40,38,51,56,59,58,56,61,56,58,58,61,69,73,68,73,98,98,95,96,93,96,105,105,103,100,105,102,102,102,103,103,103,103,103,102,102,103,102,102,103,103,103,103,102,103,102,102,102,103,103,103,105,105,106,106,107,107,107,109,110,111,115,116,116,122,118,118,118,118,118,118,121,119,122,119,119,119,119,119,125,127,127,127,127,128,128,128,127,128,128,128,129,129,129,129,130,130,130,130,129,130,131,130,136,133,131,132,120,132,131,131,130,132,131,134,124,128,131,123,132,120,120,111,0,0,0,0,0,0,0,0,0,0,0,0,0,0,0,0,0,0,0,0,0,0,0,0,0,0,0,0,0,0,0
0,0,0,0,0,0,0,0,0,0,0,21,21,21,21,22,21,21,21,23,22,23,23,23,26,23,22,23,24,25,25,25,25,27,27,27,27,27,30,27,28,28,29,34,32,29,29,29,29,29,29,32,29,29,28,28,34,29,29,36,37,35,42,41,42,41,61,59,78,64,84,97,97,73,96,72,97,86,97,95,97,97,98,99,99,99,103,101,104,101,102,103,103,103,103,103,103,103,104,104,103,104,103,103,104,104,104,104,104,104,104,104,104,104,104,105,105,106,105,107,108,108,109,114,110,112,116,117,117,117,118,118,119,122,122,123,123,122,125,128,122,122,126,127,127,128,129,129,129,129,129,129,129,129,129,129,134,130,129,129,130,129,125,126,126,125,131,130,106,100,106,120,107,100,96,134,97,120,106,96,120,121,115,122,123,133,119,106,0,0,0,0,0,0,0,0,0,0,0,0,0,0,0,0,0,0,0,0,0,0,0,0,0,0,0,0,0,0,0
0,0,0,0,0,0,0,0,0,0,0,21,21,21,22,21,21,21,21,21,21,22,22,22,22,23,23,22,24,23,24,28,24,25,25,26,29,27,31,30,28,28,29,30,30,28,34,28,30,33,30,30,30,30,30,34,35,39,37,38,42,40,41,56,42,78,84,73,73,81,75,74,73,90,93,96,98,100,99,101,102,102,101,101,100,100,100,101,101,101,101,101,102,103,102,102,102,104,102,103,105,102,104,103,104,105,104,104,105,105,105,105,105,105,105,106,106,105,107,107,108,108,111,109,109,110,112,115,116,115,116,118,118,119,119,119,127,119,128,128,128,131,132,131,130,135,131,130,134,134,134,134,134,134,135,137,139,137,135,134,134,130,134,130,129,128,126,124,116,131,131,105,97,85,106,112,100,95,134,115,111,131,121,134,120,122,120,124,0,0,0,0,0,0,0,0,0,0,0,0,0,0,0,0,0,0,0,0,0,0,0,0,0,0,0,0,0,0,0
0,0,0,0,0,0,0,0,0,0,0,20,21,21,22,21,21,21,21,21,21,21,22,22,23,22,22,23,23,23,24,24,24,28,25,24,25,24,29,26,25,26,25,30,29,30,30,29,27,27,27,31,31,36,37,38,38,40,48,50,57,59,60,81,83,81,80,71,72,88,89,96,98,98,98,98,99,99,99,99,100,100,100,100,100,101,101,101,101,101,101,101,101,101,101,101,102,102,102,102,104,105,104,105,104,105,104,105,105,105,106,106,106,107,107,107,108,109,108,108,109,108,109,108,109,110,110,111,111,112,112,112,118,118,119,128,119,105,105,111,92,89,89,83,116,116,111,111,101,122,122,134,134,134,131,107,134,134,134,133,133,132,133,133,133,122,120,130,119,124,132,101,106,106,100,106,100,119,126,120,120,123,133,132,122,133,120,127,0,0,0,0,0,0,0,0,0,0,0,0,0,0,0,0,0,0,0,0,0,0,0,0,0,0,0,0,0,0,0
0,0,0,0,0,0,0,0,0,0,0,20,20,20,21,21,21,21,21,21,22,22,22,22,22,23,23,22,23,24,24,25,25,24,25,25,25,25,25,26,26,26,26,26,26,27,27,28,27,35,35,37,38,38,41,45,46,58,65,74,78,83,73,69,82,80,82,85,91,93,95,97,98,99,99,99,100,100,100,100,101,101,101,101,101,101,101,101,101,101,101,101,101,101,101,102,102,102,102,102,103,103,103,105,105,105,106,106,106,106,107,107,107,108,108,108,108,108,108,108,108,108,109,109,110,110,113,112,112,113,113,114,113,116,116,83,105,95,109,78,77,81,117,117,78,82,78,76,76,81,78,77,73,95,89,104,100,107,107,133,131,131,125,131,125,122,106,130,98,95,106,106,120,105,107,106,108,124,121,106,120,112,121,127,112,122,130,130,0,0,0,0,0,0,0,0,0,0,0,0,0,0,0,0,0,0,0,0,0,0,0,0,0,0,0,0,0,0,0
0,0,0,0,0,0,0,0,0,0,0,20,20,20,20,20,20,20,21,21,21,21,22,22,23,23,22,23,23,22,24,24,24,25,25,26,26,28,26,28,28,28,28,34,29,34,35,37,38,42,50,46,56,45,54,57,60,66,70,73,81,78,86,83,86,92,94,96,98,98,99,100,100,100,100,101,101,101,101,101,101,101,101,101,101,101,101,101,101,101,101,101,101,101,101,102,102,102,103,103,103,104,104,106,107,107,107,107,108,108,108,109,109,109,109,109,109,109,109,109,109,109,110,110,112,111,114,114,112,111,111,111,111,112,85,83,77,84,78,78,119,116,77,81,77,81,73,73,73,73,77,76,73,73,73,80,73,92,97,130,156,133,131,130,106,130,121,123,117,88,90,121,120,120,129,95,100,112,125,121,106,105,122,118,106,125,115,123,0,0,0,0,0,0,0,0,0,0,0,0,0,0,0,0,0,0,0,0,0,0,0,0,0,0,0,0,0,0,0
0,0,0,0,0,0,0,0,0,0,0,20,20,20,20,20,20,21,21,21,21,21,21,22,22,22,22,22,23,22,24,25,24,26,24,26,27,28,29,28,28,31,30,32,37,34,35,41,44,45,43,41,38,39,77,78,78,76,80,80,84,89,91,94,97,99,99,100,100,101,101,101,101,101,101,100,100,100,100,100,101,101,101,102,102,103,102,102,102,102,103,103,103,103,103,103,104,104,104,105,105,105,105,107,107,107,107,108,108,108,108,108,109,109,110,110,110,110,110,110,110,110,110,111,112,118,118,118,111,110,109,109,83,84,112,84,77,81,85,86,81,95,81,77,76,76,73,81,73,73,73,77,77,78,81,84,81,83,82,104,99,96,95,133,126,125,132,102,106,91,107,121,115,106,98,95,101,99,133,95,96,103,132,116,105,121,98,121,0,0,0,0,0,0,0,0,0,0,0,0,0,0,0,0,0,0,0,0,0,0,0,0,0,0,0,0,0,0,0
0,0,0,0,0,0,0,0,0,0,0,21,21,21,21,21,21,21,21,21,21,21,22,22,22,24,24,24,23,25,25,25,24,27,25,28,27,30,31,38,38,42,42,63,64,62,62,60,68,67,59,82,79,73,72,86,90,92,94,95,96,98,98,99,99,100,100,100,100,100,100,100,100,100,100,100,100,100,100,100,100,100,100,100,100,100,100,101,101,101,101,101,101,105,102,105,103,103,104,104,106,105,107,106,108,108,108,109,110,110,110,110,111,111,111,112,112,112,112,112,113,114,114,114,114,113,112,119,110,110,109,109,85,81,81,78,83,81,78,81,77,77,78,82,74,81,72,73,73,81,82,71,70,71,72,72,83,72,72,96,82,81,83,100,83,100,134,100,95,95,96,95,96,98,95,117,106,106,105,98,123,106,120,110,123,97,116,130,0,0,0,0,0,0,0,0,0,0,0,0,0,0,0,0,0,0,0,0,0,0,0,0,0,0,0,0,0,0,0
0,0,0,0,0,0,0,0,0,0,0,21,21,21,21,21,22,22,22,22,22,23,22,24,23,24,24,24,27,29,30,32,35,42,42,43,43,42,43,57,60,63,68,71,78,84,78,87,81,87,90,72,87,91,93,97,97,98,97,98,99,99,99,99,99,99,99,100,100,100,100,100,100,100,100,100,100,100,101,101,101,101,101,101,101,101,101,101,101,101,101,101,101,102,102,103,103,105,105,104,106,106,106,108,108,109,109,110,110,110,111,111,112,111,112,112,112,113,113,114,114,118,117,112,109,109,93,105,110,94,83,84,78,119,118,87,76,81,77,77,76,78,75,73,81,74,72,72,72,73,72,72,73,69,69,70,73,71,81,72,83,81,83,97,83,83,99,85,95,99,97,81,83,106,102,114,98,100,105,111,82,112,120,111,130,106,123,107,0,0,0,0,0,0,0,0,0,0,0,0,0,0,0,0,0,0,0,0,0,0,0,0,0,0,0,0,0,0,0
0,0,0,0,0,0,0,0,0,0,0,21,22,22,22,22,22,22,23,24,25,25,26,27,28,35,36,44,42,55,42,65,69,72,80,80,73,79,90,96,96,77,96,87,87,96,90,90,94,95,96,97,97,98,98,98,98,98,98,98,98,99,98,99,99,99,99,99,99,99,99,100,100,100,100,100,100,100,100,101,101,101,101,101,101,101,101,101,101,101,101,101,102,102,102,103,103,105,105,105,106,106,108,109,110,110,110,111,111,111,112,112,113,112,113,113,113,115,114,116,118,113,115,118,108,105,93,85,112,91,112,91,85,78,80,83,84,74,81,75,77,73,71,71,71,71,75,72,72,78,73,69,69,69,69,69,73,69,68,69,73,73,83,81,83,97,82,101,109,87,89,86,80,86,97,99,97,98,102,98,98,97,95,96,114,119,97,97,0,0,0,0,0,0,0,0,0,0,0,0,0,0,0,0,0,0,0,0,0,0,0,0,0,0,0,0,0,0,0
0,0,0,0,0,0,0,0,0,0,0,22,22,23,23,23,23,26,25,28,33,51,61,52,35,61,58,64,79,68,83,78,83,78,91,94,91,98,98,98,92,103,107,98,103,104,104,98,97,97,97,97,97,97,97,98,98,98,98,98,98,98,98,99,99,99,99,99,99,99,100,100,100,100,100,100,100,100,101,101,101,101,101,101,101,101,101,101,101,101,101,101,102,102,103,103,104,105,106,106,106,106,111,111,111,112,111,112,112,113,113,113,114,114,114,114,115,117,119,115,119,115,113,112,108,110,105,108,112,78,107,88,109,83,83,83,78,76,73,72,73,73,69,69,69,69,72,69,69,75,68,68,68,68,68,68,68,68,68,68,68,69,72,77,73,83,81,85,81,81,87,88,98,97,97,82,90,114,90,84,102,102,112,91,84,96,82,82,0,0,0,0,0,0,0,0,0,0,0,0,0,0,0,0,0,0,0,0,0,0,0,0,0,0,0,0,0,0,0
0,0,0,0,0,0,0,0,0,0,0,23,24,28,51,33,38,43,42,58,58,76,77,68,72,73,73,69,69,91,96,93,91,91,92,91,92,103,94,104,97,97,98,96,98,96,96,96,96,96,96,96,96,97,97,97,97,97,97,97,98,98,98,98,99,99,99,99,99,99,99,99,99,100,100,100,100,100,100,100,101,101,101,101,101,101,101,101,101,102,102,102,102,102,103,103,105,106,106,106,106,106,113,112,112,113,113,112,112,115,107,115,116,115,114,114,114,113,112,110,109,108,109,105,105,91,76,78,78,78,77,102,76,77,76,77,78,72,70,69,74,68,68,68,69,69,69,69,69,69,69,69,72,72,69,69,70,70,70,71,71,72,82,81,81,81,95,83,83,100,102,98,101,106,100,91,103,107,99,103,115,86,82,86,96,84,76,75,0,0,0,0,0,0,0,0,0,0,0,0,0,0,0,0,0,0,0,0,0,0,0,0,0,0,0,0,0,0,0
0,0,0,0,0,0,0,0,0,0,0,39,42,45,43,42,59,53,68,53,54,39,54,69,72,71,73,85,89,93,91,92,93,93,93,93,93,94,94,94,94,95,95,95,95,95,95,96,96,96,96,96,96,96,97,97,97,97,97,97,98,97,98,98,98,98,98,98,99,99,99,100,99,100,100,100,100,100,100,101,101,101,102,102,103,103,103,104,104,104,105,105,105,106,106,106,106,106,106,106,106,106,111,111,110,105,117,113,118,113,112,112,112,113,113,112,112,105,114,107,105,103,104,104,104,77,101,77,83,78,77,77,76,76,73,70,74,68,68,69,69,69,70,70,70,70,69,69,70,70,69,70,70,70,70,70,71,72,73,73,79,83,88,81,83,89,95,100,100,103,96,95,95,95,99,87,87,111,100,87,102,83,87,96,75,84,69,69,0,0,0,0,0,0,0,0,0,0,0,0,0,0,0,0,0,0,0,0,0,0,0,0,0,0,0,0,0,0,0
0,0,0,0,0,0,0,0,0,0,0,52,52,52,54,68,54,68,68,53,57,68,90,90,90,90,91,93,91,93,93,93,93,93,93,93,93,93,93,94,94,94,94,94,94,95,95,96,95,96,96,96,96,96,97,97,98,97,98,98,98,98,98,98,98,99,99,99,99,100,100,100,100,100,100,101,101,102,103,103,103,104,104,105,105,106,108,108,107,107,108,108,110,111,111,111,108,108,108,108,110,110,110,109,109,105,107,105,105,105,105,110,112,105,112,111,110,110,107,102,110,87,88,104,78,106,87,83,78,76,78,78,75,74,73,78,71,71,71,72,71,72,72,72,71,72,72,72,72,72,72,72,72,72,72,73,72,74,73,73,77,81,103,95,81,100,99,100,107,95,109,96,96,100,96,88,89,88,101,89,89,87,83,80,83,74,71,70,0,0,0,0,0,0,0,0,0,0,0,0,0,0,0,0,0,0,0,0,0,0,0,0,0,0,0,0,0,0,0
0,0,0,0,0,0,0,0,0,0,0,68,69,69,68,69,61,68,69,69,90,91,91,91,91,91,91,91,92,92,92,92,92,93,93,93,93,93,93,93,93,93,94,93,94,94,95,95,95,95,96,96,96,96,96,96,97,97,97,98,98,98,99,99,99,99,99,99,100,100,100,100,101,101,102,103,104,104,105,106,106,106,106,108,109,109,113,113,113,113,114,114,114,115,113,114,112,112,112,111,110,109,109,109,107,107,107,107,109,110,110,108,106,107,104,103,105,105,110,80,77,87,98,78,94,78,83,77,77,77,73,74,77,75,75,73,82,73,75,77,76,77,77,76,77,77,77,77,76,75,77,77,81,78,81,73,77,76,77,77,74,79,83,81,81,98,99,100,96,100,116,90,87,111,98,92,108,87,97,88,87,87,87,81,83,74,71,69,0,0,0,0,0,0,0,0,0,0,0,0,0,0,0,0,0,0,0,0,0,0,0,0,0,0,0,0,0,0,0
0,0,0,0,0,0,0,0,0,0,0,90,90,69,73,68,90,91,91,91,91,91,91,91,91,91,92,92,92,92,93,92,92,92,93,93,93,93,93,93,94,94,94,94,94,94,94,95,95,95,96,96,96,96,96,97,97,97,97,98,98,98,98,98,99,99,100,100,100,100,100,101,101,102,103,104,105,105,105,105,106,106,107,108,111,111,111,112,112,112,113,113,113,113,110,111,105,105,105,105,105,105,105,106,106,107,107,107,107,106,105,103,101,99,98,90,83,78,83,87,87,87,87,90,77,77,76,77,72,70,71,72,78,75,75,74,73,74,73,75,74,74,74,78,78,73,72,73,78,79,72,73,71,73,70,73,72,79,70,70,72,71,71,74,74,81,77,85,91,95,81,96,80,96,95,101,84,93,93,90,87,87,83,86,90,69,70,69,0,0,0,0,0,0,0,0,0,0,0,0,0,0,0,0,0,0,0,0,0,0,0,0,0,0,0,0,0,0,0
0,0,0,0,0,0,0,0,0,0,0,90,90,90,90,90,91,90,91,91,91,91,91,91,91,91,91,91,91,91,91,92,92,92,92,92,92,92,92,93,93,93,94,93,94,94,95,95,95,95,96,96,96,96,97,97,97,98,97,98,98,98,99,99,100,100,100,101,101,101,101,102,102,103,104,104,104,105,105,105,105,106,107,108,108,110,107,107,108,108,108,108,109,109,108,107,108,105,102,102,105,105,105,107,106,106,107,106,106,106,105,103,101,99,90,76,83,97,96,78,71,77,77,77,76,77,70,69,68,69,69,70,72,82,79,73,71,71,73,73,78,73,73,73,73,73,73,73,73,73,73,73,73,73,72,72,72,72,72,72,70,71,71,71,71,72,72,73,81,98,96,100,80,95,98,96,82,82,83,89,79,83,72,83,82,69,69,69,0,0,0,0,0,0,0,0,0,0,0,0,0,0,0,0,0,0,0,0,0,0,0,0,0,0,0,0,0,0,0
0,0,0,0,0,0,0,0,0,0,0,88,90,90,89,89,90,91,91,91,91,91,91,91,91,91,91,91,91,91,91,91,92,92,92,92,92,92,92,93,93,94,93,94,94,95,95,95,96,96,96,96,97,97,97,98,97,98,99,99,99,100,100,103,103,106,105,105,106,106,105,104,105,105,105,105,105,105,105,105,105,105,108,110,103,105,104,106,106,104,104,103,103,103,103,103,106,103,103,103,103,107,106,107,106,106,106,106,105,104,104,99,98,103,104,81,103,86,79,83,87,77,76,78,76,73,72,71,71,72,73,74,74,75,75,73,73,73,73,74,73,72,72,72,72,72,72,73,79,77,71,71,77,73,70,70,70,70,69,69,69,70,70,70,72,72,73,74,74,83,86,81,76,86,75,98,88,84,87,92,71,82,71,79,70,82,68,86,0,0,0,0,0,0,0,0,0,0,0,0,0,0,0,0,0,0,0,0,0,0,0,0,0,0,0,0,0,0,0
0,0,0,0,0,0,0,0,0,0,0,88,88,88,90,90,91,91,91,90,91,91,91,91,91,91,91,91,91,91,91,92,92,92,92,92,92,92,93,93,93,94,94,95,94,95,95,96,96,97,97,97,97,98,98,98,100,100,101,102,107,108,108,106,106,106,108,108,107,107,106,106,106,106,107,107,107,106,106,105,105,104,104,103,103,103,103,102,102,102,102,102,102,102,102,103,103,104,106,105,106,106,107,107,108,107,104,106,102,103,109,105,112,103,103,88,86,83,84,79,75,77,74,74,73,72,72,72,73,80,72,77,71,71,73,71,71,71,71,78,72,71,71,72,74,72,72,74,72,72,72,72,72,72,71,70,71,71,69,69,70,70,70,70,71,70,70,69,69,71,81,97,70,81,96,96,86,81,66,66,66,79,65,65,65,65,65,70,0,0,0,0,0,0,0,0,0,0,0,0,0,0,0,0,0,0,0,0,0,0,0,0,0,0,0,0,0,0,0
0,0,0,0,0,0,0,0,0,0,0,87,87,89,90,90,90,90,90,90,91,91,91,91,91,91,91,91,91,91,92,92,92,92,92,93,93,92,93,93,94,94,94,95,95,96,95,96,97,97,97,99,99,100,101,107,108,106,108,109,108,108,108,108,108,109,107,108,108,109,110,110,110,109,109,109,108,108,106,106,104,104,104,103,102,103,102,102,102,102,102,102,103,103,103,104,105,106,106,106,106,106,106,109,109,105,103,108,97,104,103,85,85,107,74,79,77,77,77,71,82,71,71,73,76,71,70,70,69,70,69,73,69,69,69,69,70,70,70,70,71,71,71,72,73,71,71,73,72,73,73,74,73,79,72,73,73,72,72,72,72,70,70,72,72,70,70,70,72,69,90,94,90,85,81,68,68,67,76,78,66,65,64,66,64,66,66,71,0,0,0,0,0,0,0,0,0,0,0,0,0,0,0,0,0,0,0,0,0,0,0,0,0,0,0,0,0,0,0
0,0,0,0,0,0,0,0,0,0,0,87,87,88,88,89,90,90,90,90,91,91,91,91,91,91,91,91,91,92,92,92,92,93,92,93,94,94,94,94,95,95,96,96,97,97,97,98,99,100,102,102,106,103,108,109,107,108,108,108,109,108,106,109,109,108,110,112,111,110,109,109,110,108,107,107,106,105,104,104,102,102,102,102,102,102,102,102,102,102,102,103,104,105,106,106,106,106,106,105,104,107,106,98,97,85,109,87,87,97,94,76,87,78,77,77,72,71,71,74,74,71,71,72,73,69,69,69,69,76,69,69,69,69,69,69,69,74,72,69,69,69,70,70,70,70,72,71,71,70,76,72,72,72,69,71,72,73,69,68,69,68,68,79,67,68,68,66,66,74,100,106,82,82,84,81,84,83,83,82,83,86,78,79,78,79,73,74,0,0,0,0,0,0,0,0,0,0,0,0,0,0,0,0,0,0,0,0,0,0,0,0,0,0,0,0,0,0,0
0,0,0,0,0,0,0,0,0,0,0,86,90,87,87,89,88,89,89,90,90,90,90,91,91,91,91,91,92,92,92,92,92,93,94,93,94,94,95,95,95,96,97,97,97,99,99,100,100,101,102,109,106,109,108,109,109,108,109,108,108,108,108,111,111,111,110,110,112,111,110,110,109,108,104,103,103,103,102,102,102,102,102,102,102,102,102,103,103,102,104,105,105,106,105,105,104,103,102,101,97,77,76,76,78,87,86,87,77,73,77,76,76,72,71,76,76,71,75,78,70,70,69,69,69,67,73,67,67,67,66,66,66,66,66,73,66,66,67,67,67,68,69,69,69,69,70,70,70,71,71,74,81,70,70,70,70,69,69,72,71,69,68,75,73,69,69,67,77,77,136,96,100,87,87,81,81,86,81,86,83,85,83,97,83,90,74,73,0,0,0,0,0,0,0,0,0,0,0,0,0,0,0,0,0,0,0,0,0,0,0,0,0,0,0,0,0,0,0
0,0,0,0,0,0,0,0,0,0,0,87,87,87,87,90,89,89,89,90,90,91,91,91,91,92,92,92,92,93,93,94,94,94,95,95,95,96,96,96,97,97,97,98,99,100,101,106,108,108,109,108,109,109,108,109,109,108,109,109,110,109,109,113,113,111,108,113,113,109,108,108,106,105,104,102,102,102,102,102,102,102,103,104,106,104,105,106,106,106,105,107,107,104,102,101,91,90,88,99,88,76,76,78,84,77,71,76,74,77,77,70,74,70,71,71,77,76,77,78,77,73,71,70,70,70,70,73,69,69,72,72,72,68,68,74,68,68,72,72,68,68,68,68,69,69,69,69,69,69,68,70,70,72,68,70,67,67,67,75,75,70,67,75,68,68,67,67,70,76,100,101,102,83,81,82,81,72,74,88,83,82,83,82,69,80,75,68,0,0,0,0,0,0,0,0,0,0,0,0,0,0,0,0,0,0,0,0,0,0,0,0,0,0,0,0,0,0,0
0,0,0,0,0,0,0,0,0,0,0,0,0,0,0,0,0,0,0,0,0,0,0,0,0,0,0,0,0,0,0,0,0,0,0,0,0,0,0,0,0,0,0,0,0,0,0,0,0,0,0,0,0,0,0,0,0,0,0,0,0,0,0,0,0,0,0,0,0,0,0,0,0,0,0,0,0,0,0,0,0,0,0,0,0,0,0,0,0,0,0,0,0,0,0,0,0,0,0,0,0,0,0,0,0,0,0,0,0,0,0,0,0,0,0,0,0,0,0,0,0,0,0,0,0,0,0,0,0,0,0,0,0,0,0,0,0,0,0,0,0,0,0,0,0,0,0,0,0,0,0,0,0,0,0,0,0,0,0,0,0,0,0,0,0,0,0,0,0,0,0,0,0,0,0,0,0,0,0,0,0,0,0,0,0,0,0,0,0,0,0,0,0,0,0,0,0,0,0,0,0,0,0,0,0,0,0,0,0,0,0,0,0,0,0,0,0,0,0
0,0,0,0,0,0,0,0,0,0,0,0,0,0,0,0,0,0,0,0,0,0,0,0,0,0,0,0,0,0,0,0,0,0,0,0,0,0,0,0,0,0,0,0,0,0,0,0,0,0,0,0,0,0,0,0,0,0,0,0,0,0,0,0,0,0,0,0,0,0,0,0,0,0,0,0,0,0,0,0,0,0,0,0,0,0,0,0,0,0,0,0,0,0,0,0,0,0,0,0,0,0,0,0,0,0,0,0,0,0,0,0,0,0,0,0,0,0,0,0,0,0,0,0,0,0,0,0,0,0,0,0,0,0,0,0,0,0,0,0,0,0,0,0,0,0,0,0,0,0,0,0,0,0,0,0,0,0,0,0,0,0,0,0,0,0,0,0,0,0,0,0,0,0,0,0,0,0,0,0,0,0,0,0,0,0,0,0,0,0,0,0,0,0,0,0,0,0,0,0,0,0,0,0,0,0,0,0,0,0,0,0,0,0,0,0,0,0,0
0,0,0,0,0,0,0,0,0,0,0,0,0,0,0,0,0,0,0,0,0,0,0,0,0,0,0,0,0,0,0,0,0,0,0,0,0,0,0,0,0,0,0,0,0,0,0,0,0,0,0,0,0,0,0,0,0,0,0,0,0,0,0,0,0,0,0,0,0,0,0,0,0,0,0,0,0,0,0,0,0,0,0,0,0,0,0,0,0,0,0,0,0,0,0,0,0,0,0,0,0,0,0,0,0,0,0,0,0,0,0,0,0,0,0,0,0,0,0,0,0,0,0,0,0,0,0,0,0,0,0,0,0,0,0,0,0,0,0,0,0,0,0,0,0,0,0,0,0,0,0,0,0,0,0,0,0,0,0,0,0,0,0,0,0,0,0,0,0,0,0,0,0,0,0,0,0,0,0,0,0,0,0,0,0,0,0,0,0,0,0,0,0,0,0,0,0,0,0,0,0,0,0,0,0,0,0,0,0,0,0,0,0,0,0,0,0,0,0
0,0,0,0,0,0,0,0,0,0,0,0,0,0,0,0,0,0,0,0,0,0,0,0,0,0,0,0,0,0,0,0,0,0,0,0,0,0,0,0,0,0,0,0,0,0,0,0,0,0,0,0,0,0,0,0,0,0,0,0,0,0,0,0,0,0,0,0,0,0,0,0,0,0,0,0,0,0,0,0,0,0,0,0,0,0,0,0,0,0,0,0,0,0,0,0,0,0,0,0,0,0,0,0,0,0,0,0,0,0,0,0,0,0,0,0,0,0,0,0,0,0,0,0,0,0,0,0,0,0,0,0,0,0,0,0,0,0,0,0,0,0,0,0,0,0,0,0,0,0,0,0,0,0,0,0,0,0,0,0,0,0,0,0,0,0,0,0,0,0,0,0,0,0,0,0,0,0,0,0,0,0,0,0,0,0,0,0,0,0,0,0,0,0,0,0,0,0,0,0,0,0,0,0,0,0,0,0,0,0,0,0,0,0,0,0,0,0,0
0,0,0,0,0,0,0,0,0,0,0,0,0,0,0,0,0,0,0,0,0,0,0,0,0,0,0,0,0,0,0,0,0,0,0,0,0,0,0,0,0,0,0,0,0,0,0,0,0,0,0,0,0,0,0,0,0,0,0,0,0,0,0,0,0,0,0,0,0,0,0,0,0,0,0,0,0,0,0,0,0,0,0,0,0,0,0,0,0,0,0,0,0,0,0,0,0,0,0,0,0,0,0,0,0,0,0,0,0,0,0,0,0,0,0,0,0,0,0,0,0,0,0,0,0,0,0,0,0,0,0,0,0,0,0,0,0,0,0,0,0,0,0,0,0,0,0,0,0,0,0,0,0,0,0,0,0,0,0,0,0,0,0,0,0,0,0,0,0,0,0,0,0,0,0,0,0,0,0,0,0,0,0,0,0,0,0,0,0,0,0,0,0,0,0,0,0,0,0,0,0,0,0,0,0,0,0,0,0,0,0,0,0,0,0,0,0,0,0
0,0,0,0,0,0,0,0,0,0,0,0,0,0,0,0,0,0,0,0,0,0,0,0,0,0,0,0,0,0,0,0,0,0,0,0,0,0,0,0,0,0,0,0,0,0,0,0,0,0,0,0,0,0,0,0,0,0,0,0,0,0,0,0,0,0,0,0,0,0,0,0,0,0,0,0,0,0,0,0,0,0,0,0,0,0,0,0,0,0,0,0,0,0,0,0,0,0,0,0,0,0,0,0,0,0,0,0,0,0,0,0,0,0,0,0,0,0,0,0,0,0,0,0,0,0,0,0,0,0,0,0,0,0,0,0,0,0,0,0,0,0,0,0,0,0,0,0,0,0,0,0,0,0,0,0,0,0,0,0,0,0,0,0,0,0,0,0,0,0,0,0,0,0,0,0,0,0,0,0,0,0,0,0,0,0,0,0,0,0,0,0,0,0,0,0,0,0,0,0,0,0,0,0,0,0,0,0,0,0,0,0,0,0,0,0,0,0,0
0,0,0,0,0,0,0,0,0,0,0,0,0,0,0,0,0,0,0,0,0,0,0,0,0,0,0,0,0,0,0,0,0,0,0,0,0,0,0,0,0,0,0,0,0,0,0,0,0,0,0,0,0,0,0,0,0,0,0,0,0,0,0,0,0,0,0,0,0,0,0,0,0,0,0,0,0,0,0,0,0,0,0,0,0,0,0,0,0,0,0,0,0,0,0,0,0,0,0,0,0,0,0,0,0,0,0,0,0,0,0,0,0,0,0,0,0,0,0,0,0,0,0,0,0,0,0,0,0,0,0,0,0,0,0,0,0,0,0,0,0,0,0,0,0,0,0,0,0,0,0,0,0,0,0,0,0,0,0,0,0,0,0,0,0,0,0,0,0,0,0,0,0,0,0,0,0,0,0,0,0,0,0,0,0,0,0,0,0,0,0,0,0,0,0,0,0,0,0,0,0,0,0,0,0,0,0,0,0,0,0,0,0,0,0,0,0,0,0
0,0,0,0,0,0,0,0,0,0,0,0,0,0,0,0,0,0,0,0,0,0,0,0,0,0,0,0,0,0,0,0,0,0,0,0,0,0,0,0,0,0,0,0,0,0,0,0,0,0,0,0,0,0,0,0,0,0,0,0,0,0,0,0,0,0,0,0,0,0,0,0,0,0,0,0,0,0,0,0,0,0,0,0,0,0,0,0,0,0,0,0,0,0,0,0,0,0,0,0,0,0,0,0,0,0,0,0,0,0,0,0,0,0,0,0,0,0,0,0,0,0,0,0,0,0,0,0,0,0,0,0,0,0,0,0,0,0,0,0,0,0,0,0,0,0,0,0,0,0,0,0,0,0,0,0,0,0,0,0,0,0,0,0,0,0,0,0,0,0,0,0,0,0,0,0,0,0,0,0,0,0,0,0,0,0,0,0,0,0,0,0,0,0,0,0,0,0,0,0,0,0,0,0,0,0,0,0,0,0,0,0,0,0,0,0,0,0,0
0,0,0,0,0,0,0,0,0,0,0,0,0,0,0,0,0,0,0,0,0,0,0,0,0,0,0,0,0,0,0,0,0,0,0,0,0,0,0,0,0,0,0,0,0,0,0,0,0,0,0,0,0,0,0,0,0,0,0,0,0,0,0,0,0,0,0,0,0,0,0,0,0,0,0,0,0,0,0,0,0,0,0,0,0,0,0,0,0,0,0,0,0,0,0,0,0,0,0,0,0,0,0,0,0,0,0,0,0,0,0,0,0,0,0,0,0,0,0,0,0,0,0,0,0,0,0,0,0,0,0,0,0,0,0,0,0,0,0,0,0,0,0,0,0,0,0,0,0,0,0,0,0,0,0,0,0,0,0,0,0,0,0,0,0,0,0,0,0,0,0,0,0,0,0,0,0,0,0,0,0,0,0,0,0,0,0,0,0,0,0,0,0,0,0,0,0,0,0,0,0,0,0,0,0,0,0,0,0,0,0,0,0,0,0,0,0,0,0
0,0,0,0,0,0,0,0,0,0,0,0,0,0,0,0,0,0,0,0,0,0,0,0,0,0,0,0,0,0,0,0,0,0,0,0,0,0,0,0,0,0,0,0,0,0,0,0,0,0,0,0,0,0,0,0,0,0,0,0,0,0,0,0,0,0,0,0,0,0,0,0,0,0,0,0,0,0,0,0,0,0,0,0,0,0,0,0,0,0,0,0,0,0,0,0,0,0,0,0,0,0,0,0,0,0,0,0,0,0,0,0,0,0,0,0,0,0,0,0,0,0,0,0,0,0,0,0,0,0,0,0,0,0,0,0,0,0,0,0,0,0,0,0,0,0,0,0,0,0,0,0,0,0,0,0,0,0,0,0,0,0,0,0,0,0,0,0,0,0,0,0,0,0,0,0,0,0,0,0,0,0,0,0,0,0,0,0,0,0,0,0,0,0,0,0,0,0,0,0,0,0,0,0,0,0,0,0,0,0,0,0,0,0,0,0,0,0,0
0,0,0,0,0,0,0,0,0,0,0,0,0,0,0,0,0,0,0,0,0,0,0,0,0,0,0,0,0,0,0,0,0,0,0,0,0,0,0,0,0,0,0,0,0,0,0,0,0,0,0,0,0,0,0,0,0,0,0,0,0,0,0,0,0,0,0,0,0,0,0,0,0,0,0,0,0,0,0,0,0,0,0,0,0,0,0,0,0,0,0,0,0,0,0,0,0,0,0,0,0,0,0,0,0,0,0,0,0,0,0,0,0,0,0,0,0,0,0,0,0,0,0,0,0,0,0,0,0,0,0,0,0,0,0,0,0,0,0,0,0,0,0,0,0,0,0,0,0,0,0,0,0,0,0,0,0,0,0,0,0,0,0,0,0,0,0,0,0,0,0,0,0,0,0,0,0,0,0,0,0,0,0,0,0,0,0,0,0,0,0,0,0,0,0,0,0,0,0,0,0,0,0,0,0,0,0,0,0,0,0,0,0,0,0,0,0,0,0
0,0,0,0,0,0,0,0,0,0,0,0,0,0,0,0,0,0,0,0,0,0,0,0,0,0,0,0,0,0,0,0,0,0,0,0,0,0,0,0,0,0,0,0,0,0,0,0,0,0,0,0,0,0,0,0,0,0,0,0,0,0,0,0,0,0,0,0,0,0,0,0,0,0,0,0,0,0,0,0,0,0,0,0,0,0,0,0,0,0,0,0,0,0,0,0,0,0,0,0,0,0,0,0,0,0,0,0,0,0,0,0,0,0,0,0,0,0,0,0,0,0,0,0,0,0,0,0,0,0,0,0,0,0,0,0,0,0,0,0,0,0,0,0,0,0,0,0,0,0,0,0,0,0,0,0,0,0,0,0,0,0,0,0,0,0,0,0,0,0,0,0,0,0,0,0,0,0,0,0,0,0,0,0,0,0,0,0,0,0,0,0,0,0,0,0,0,0,0,0,0,0,0,0,0,0,0,0,0,0,0,0,0,0,0,0,0,0,0
0,0,0,0,0,0,0,0,0,0,0,0,0,0,0,0,0,0,0,0,0,0,0,0,0,0,0,0,0,0,0,0,0,0,0,0,0,0,0,0,0,0,0,0,0,0,0,0,0,0,0,0,0,0,0,0,0,0,0,0,0,0,0,0,0,0,0,0,0,0,0,0,0,0,0,0,0,0,0,0,0,0,0,0,0,0,0,0,0,0,0,0,0,0,0,0,0,0,0,0,0,0,0,0,0,0,0,0,0,0,0,0,0,0,0,0,0,0,0,0,0,0,0,0,0,0,0,0,0,0,0,0,0,0,0,0,0,0,0,0,0,0,0,0,0,0,0,0,0,0,0,0,0,0,0,0,0,0,0,0,0,0,0,0,0,0,0,0,0,0,0,0,0,0,0,0,0,0,0,0,0,0,0,0,0,0,0,0,0,0,0,0,0,0,0,0,0,0,0,0,0,0,0,0,0,0,0,0,0,0,0,0,0,0,0,0,0,0,0
0,0,0,0,0,0,0,0,0,0,0,0,0,0,0,0,0,0,0,0,0,0,0,0,0,0,0,0,0,0,0,0,0,0,0,0,0,0,0,0,0,0,0,0,0,0,0,0,0,0,0,0,0,0,0,0,0,0,0,0,0,0,0,0,0,0,0,0,0,0,0,0,0,0,0,0,0,0,0,0,0,0,0,0,0,0,0,0,0,0,0,0,0,0,0,0,0,0,0,0,0,0,0,0,0,0,0,0,0,0,0,0,0,0,0,0,0,0,0,0,0,0,0,0,0,0,0,0,0,0,0,0,0,0,0,0,0,0,0,0,0,0,0,0,0,0,0,0,0,0,0,0,0,0,0,0,0,0,0,0,0,0,0,0,0,0,0,0,0,0,0,0,0,0,0,0,0,0,0,0,0,0,0,0,0,0,0,0,0,0,0,0,0,0,0,0,0,0,0,0,0,0,0,0,0,0,0,0,0,0,0,0,0,0,0,0,0,0,0
0,0,0,0,0,0,0,0,0,0,0,0,0,0,0,0,0,0,0,0,0,0,0,0,0,0,0,0,0,0,0,0,0,0,0,0,0,0,0,0,0,0,0,0,0,0,0,0,0,0,0,0,0,0,0,0,0,0,0,0,0,0,0,0,0,0,0,0,0,0,0,0,0,0,0,0,0,0,0,0,0,0,0,0,0,0,0,0,0,0,0,0,0,0,0,0,0,0,0,0,0,0,0,0,0,0,0,0,0,0,0,0,0,0,0,0,0,0,0,0,0,0,0,0,0,0,0,0,0,0,0,0,0,0,0,0,0,0,0,0,0,0,0,0,0,0,0,0,0,0,0,0,0,0,0,0,0,0,0,0,0,0,0,0,0,0,0,0,0,0,0,0,0,0,0,0,0,0,0,0,0,0,0,0,0,0,0,0,0,0,0,0,0,0,0,0,0,0,0,0,0,0,0,0,0,0,0,0,0,0,0,0,0,0,0,0,0,0,0
0,0,0,0,0,0,0,0,0,0,0,0,0,0,0,0,0,0,0,0,0,0,0,0,0,0,0,0,0,0,0,0,0,0,0,0,0,0,0,0,0,0,0,0,0,0,0,0,0,0,0,0,0,0,0,0,0,0,0,0,0,0,0,0,0,0,0,0,0,0,0,0,0,0,0,0,0,0,0,0,0,0,0,0,0,0,0,0,0,0,0,0,0,0,0,0,0,0,0,0,0,0,0,0,0,0,0,0,0,0,0,0,0,0,0,0,0,0,0,0,0,0,0,0,0,0,0,0,0,0,0,0,0,0,0,0,0,0,0,0,0,0,0,0,0,0,0,0,0,0,0,0,0,0,0,0,0,0,0,0,0,0,0,0,0,0,0,0,0,0,0,0,0,0,0,0,0,0,0,0,0,0,0,0,0,0,0,0,0,0,0,0,0,0,0,0,0,0,0,0,0,0,0,0,0,0,0,0,0,0,0,0,0,0,0,0,0,0,0
0,0,0,0,0,0,0,0,0,0,0,0,0,0,0,0,0,0,0,0,0,0,0,0,0,0,0,0,0,0,0,0,0,0,0,0,0,0,0,0,0,0,0,0,0,0,0,0,0,0,0,0,0,0,0,0,0,0,0,0,0,0,0,0,0,0,0,0,0,0,0,0,0,0,0,0,0,0,0,0,0,0,0,0,0,0,0,0,0,0,0,0,0,0,0,0,0,0,0,0,0,0,0,0,0,0,0,0,0,0,0,0,0,0,0,0,0,0,0,0,0,0,0,0,0,0,0,0,0,0,0,0,0,0,0,0,0,0,0,0,0,0,0,0,0,0,0,0,0,0,0,0,0,0,0,0,0,0,0,0,0,0,0,0,0,0,0,0,0,0,0,0,0,0,0,0,0,0,0,0,0,0,0,0,0,0,0,0,0,0,0,0,0,0,0,0,0,0,0,0,0,0,0,0,0,0,0,0,0,0,0,0,0,0,0,0,0,0,0
0,0,0,0,0,0,0,0,0,0,0,0,0,0,0,0,0,0,0,0,0,0,0,0,0,0,0,0,0,0,0,0,0,0,0,0,0,0,0,0,0,0,0,0,0,0,0,0,0,0,0,0,0,0,0,0,0,0,0,0,0,0,0,0,0,0,0,0,0,0,0,0,0,0,0,0,0,0,0,0,0,0,0,0,0,0,0,0,0,0,0,0,0,0,0,0,0,0,0,0,0,0,0,0,0,0,0,0,0,0,0,0,0,0,0,0,0,0,0,0,0,0,0,0,0,0,0,0,0,0,0,0,0,0,0,0,0,0,0,0,0,0,0,0,0,0,0,0,0,0,0,0,0,0,0,0,0,0,0,0,0,0,0,0,0,0,0,0,0,0,0,0,0,0,0,0,0,0,0,0,0,0,0,0,0,0,0,0,0,0,0,0,0,0,0,0,0,0,0,0,0,0,0,0,0,0,0,0,0,0,0,0,0,0,0,0,0,0,0
0,0,0,0,0,0,0,0,0,0,0,0,0,0,0,0,0,0,0,0,0,0,0,0,0,0,0,0,0,0,0,0,0,0,0,0,0,0,0,0,0,0,0,0,0,0,0,0,0,0,0,0,0,0,0,0,0,0,0,0,0,0,0,0,0,0,0,0,0,0,0,0,0,0,0,0,0,0,0,0,0,0,0,0,0,0,0,0,0,0,0,0,0,0,0,0,0,0,0,0,0,0,0,0,0,0,0,0,0,0,0,0,0,0,0,0,0,0,0,0,0,0,0,0,0,0,0,0,0,0,0,0,0,0,0,0,0,0,0,0,0,0,0,0,0,0,0,0,0,0,0,0,0,0,0,0,0,0,0,0,0,0,0,0,0,0,0,0,0,0,0,0,0,0,0,0,0,0,0,0,0,0,0,0,0,0,0,0,0,0,0,0,0,0,0,0,0,0,0,0,0,0,0,0,0,0,0,0,0,0,0,0,0,0,0,0,0,0,0
0,0,0,0,0,0,0,0,0,0,0,0,0,0,0,0,0,0,0,0,0,0,0,0,0,0,0,0,0,0,0,0,0,0,0,0,0,0,0,0,0,0,0,0,0,0,0,0,0,0,0,0,0,0,0,0,0,0,0,0,0,0,0,0,0,0,0,0,0,0,0,0,0,0,0,0,0,0,0,0,0,0,0,0,0,0,0,0,0,0,0,0,0,0,0,0,0,0,0,0,0,0,0,0,0,0,0,0,0,0,0,0,0,0,0,0,0,0,0,0,0,0,0,0,0,0,0,0,0,0,0,0,0,0,0,0,0,0,0,0,0,0,0,0,0,0,0,0,0,0,0,0,0,0,0,0,0,0,0,0,0,0,0,0,0,0,0,0,0,0,0,0,0,0,0,0,0,0,0,0,0,0,0,0,0,0,0,0,0,0,0,0,0,0,0,0,0,0,0,0,0,0,0,0,0,0,0,0,0,0,0,0,0,0,0,0,0,0,0
0,0,0,0,0,0,0,0,0,0,0,0,0,0,0,0,0,0,0,0,0,0,0,0,0,0,0,0,0,0,0,0,0,0,0,0,0,0,0,0,0,0,0,0,0,0,0,0,0,0,0,0,0,0,0,0,0,0,0,0,0,0,0,0,0,0,0,0,0,0,0,0,0,0,0,0,0,0,0,0,0,0,0,0,0,0,0,0,0,0,0,0,0,0,0,0,0,0,0,0,0,0,0,0,0,0,0,0,0,0,0,0,0,0,0,0,0,0,0,0,0,0,0,0,0,0,0,0,0,0,0,0,0,0,0,0,0,0,0,0,0,0,0,0,0,0,0,0,0,0,0,0,0,0,0,0,0,0,0,0,0,0,0,0,0,0,0,0,0,0,0,0,0,0,0,0,0,0,0,0,0,0,0,0,0,0,0,0,0,0,0,0,0,0,0,0,0,0,0,0,0,0,0,0,0,0,0,0,0,0,0,0,0,0,0,0,0,0,0
0,0,0,0,0,0,0,0,0,0,0,0,0,0,0,0,0,0,0,0,0,0,0,0,0,0,0,0,0,0,0,0,0,0,0,0,0,0,0,0,0,0,0,0,0,0,0,0,0,0,0,0,0,0,0,0,0,0,0,0,0,0,0,0,0,0,0,0,0,0,0,0,0,0,0,0,0,0,0,0,0,0,0,0,0,0,0,0,0,0,0,0,0,0,0,0,0,0,0,0,0,0,0,0,0,0,0,0,0,0,0,0,0,0,0,0,0,0,0,0,0,0,0,0,0,0,0,0,0,0,0,0,0,0,0,0,0,0,0,0,0,0,0,0,0,0,0,0,0,0,0,0,0,0,0,0,0,0,0,0,0,0,0,0,0,0,0,0,0,0,0,0,0,0,0,0,0,0,0,0,0,0,0,0,0,0,0,0,0,0,0,0,0,0,0,0,0,0,0,0,0,0,0,0,0,0,0,0,0,0,0,0,0,0,0,0,0,0,0
0,0,0,0,0,0,0,0,0,0,0,0,0,0,0,0,0,0,0,0,0,0,0,0,0,0,0,0,0,0,0,0,0,0,0,0,0,0,0,0,0,0,0,0,0,0,0,0,0,0,0,0,0,0,0,0,0,0,0,0,0,0,0,0,0,0,0,0,0,0,0,0,0,0,0,0,0,0,0,0,0,0,0,0,0,0,0,0,0,0,0,0,0,0,0,0,0,0,0,0,0,0,0,0,0,0,0,0,0,0,0,0,0,0,0,0,0,0,0,0,0,0,0,0,0,0,0,0,0,0,0,0,0,0,0,0,0,0,0,0,0,0,0,0,0,0,0,0,0,0,0,0,0,0,0,0,0,0,0,0,0,0,0,0,0,0,0,0,0,0,0,0,0,0,0,0,0,0,0,0,0,0,0,0,0,0,0,0,0,0,0,0,0,0,0,0,0,0,0,0,0,0,0,0,0,0,0,0,0,0,0,0,0,0,0,0,0,0,0
0,0,0,0,0,0,0,0,0,0,0,0,0,0,0,0,0,0,0,0,0,0,0,0,0,0,0,0,0,0,0,0,0,0,0,0,0,0,0,0,0,0,0,0,0,0,0,0,0,0,0,0,0,0,0,0,0,0,0,0,0,0,0,0,0,0,0,0,0,0,0,0,0,0,0,0,0,0,0,0,0,0,0,0,0,0,0,0,0,0,0,0,0,0,0,0,0,0,0,0,0,0,0,0,0,0,0,0,0,0,0,0,0,0,0,0,0,0,0,0,0,0,0,0,0,0,0,0,0,0,0,0,0,0,0,0,0,0,0,0,0,0,0,0,0,0,0,0,0,0,0,0,0,0,0,0,0,0,0,0,0,0,0,0,0,0,0,0,0,0,0,0,0,0,0,0,0,0,0,0,0,0,0,0,0,0,0,0,0,0,0,0,0,0,0,0,0,0,0,0,0,0,0,0,0,0,0,0,0,0,0,0,0,0,0,0,0,0,0
0,0,0,0,0,0,0,0,0,0,0,0,0,0,0,0,0,0,0,0,0,0,0,0,0,0,0,0,0,0,0,0,0,0,0,0,0,0,0,0,0,0,0,0,0,0,0,0,0,0,0,0,0,0,0,0,0,0,0,0,0,0,0,0,0,0,0,0,0,0,0,0,0,0,0,0,0,0,0,0,0,0,0,0,0,0,0,0,0,0,0,0,0,0,0,0,0,0,0,0,0,0,0,0,0,0,0,0,0,0,0,0,0,0,0,0,0,0,0,0,0,0,0,0,0,0,0,0,0,0,0,0,0,0,0,0,0,0,0,0,0,0,0,0,0,0,0,0,0,0,0,0,0,0,0,0,0,0,0,0,0,0,0,0,0,0,0,0,0,0,0,0,0,0,0,0,0,0,0,0,0,0,0,0,0,0,0,0,0,0,0,0,0,0,0,0,0,0,0,0,0,0,0,0,0,0,0,0,0,0,0,0,0,0,0,0,0,0,0
0,0,0,0,0,0,0,0,0,0,0,0,0,0,0,0,0,0,0,0,0,0,0,0,0,0,0,0,0,0,0,0,0,0,0,0,0,0,0,0,0,0,0,0,0,0,0,0,0,0,0,0,0,0,0,0,0,0,0,0,0,0,0,0,0,0,0,0,0,0,0,0,0,0,0,0,0,0,0,0,0,0,0,0,0,0,0,0,0,0,0,0,0,0,0,0,0,0,0,0,0,0,0,0,0,0,0,0,0,0,0,0,0,0,0,0,0,0,0,0,0,0,0,0,0,0,0,0,0,0,0,0,0,0,0,0,0,0,0,0,0,0,0,0,0,0,0,0,0,0,0,0,0,0,0,0,0,0,0,0,0,0,0,0,0,0,0,0,0,0,0,0,0,0,0,0,0,0,0,0,0,0,0,0,0,0,0,0,0,0,0,0,0,0,0,0,0,0,0,0,0,0,0,0,0,0,0,0,0,0,0,0,0,0,0,0,0,0,0
0,0,0,0,0,0,0,0,0,0,0,0,0,0,0,0,0,0,0,0,0,0,0,0,0,0,0,0,0,0,0,0,0,0,0,0,0,0,0,0,0,0,0,0,0,0,0,0,0,0,0,0,0,0,0,0,0,0,0,0,0,0,0,0,0,0,0,0,0,0,0,0,0,0,0,0,0,0,0,0,0,0,0,0,0,0,0,0,0,0,0,0,0,0,0,0,0,0,0,0,0,0,0,0,0,0,0,0,0,0,0,0,0,0,0,0,0,0,0,0,0,0,0,0,0,0,0,0,0,0,0,0,0,0,0,0,0,0,0,0,0,0,0,0,0,0,0,0,0,0,0,0,0,0,0,0,0,0,0,0,0,0,0,0,0,0,0,0,0,0,0,0,0,0,0,0,0,0,0,0,0,0,0,0,0,0,0,0,0,0,0,0,0,0,0,0,0,0,0,0,0,0,0,0,0,0,0,0,0,0,0,0,0,0,0,0,0,0,0
0,0,0,0,0,0,0,0,0,0,0,0,0,0,0,0,0,0,0,0,0,0,0,0,0,0,0,0,0,0,0,0,0,0,0,0,0,0,0,0,0,0,0,0,0,0,0,0,0,0,0,0,0,0,0,0,0,0,0,0,0,0,0,0,0,0,0,0,0,0,0,0,0,0,0,0,0,0,0,0,0,0,0,0,0,0,0,0,0,0,0,0,0,0,0,0,0,0,0,0,0,0,0,0,0,0,0,0,0,0,0,0,0,0,0,0,0,0,0,0,0,0,0,0,0,0,0,0,0,0,0,0,0,0,0,0,0,0,0,0,0,0,0,0,0,0,0,0,0,0,0,0,0,0,0,0,0,0,0,0,0,0,0,0,0,0,0,0,0,0,0,0,0,0,0,0,0,0,0,0,0,0,0,0,0,0,0,0,0,0,0,0,0,0,0,0,0,0,0,0,0,0,0,0,0,0,0,0,0,0,0,0,0,0,0,0,0,0,0
0,0,0,0,0,0,0,0,0,0,0,0,0,0,0,0,0,0,0,0,0,0,0,0,0,0,0,0,0,0,0,0,0,0,0,0,0,0,0,0,0,0,0,0,0,0,0,0,0,0,0,0,0,0,0,0,0,0,0,0,0,0,0,0,0,0,0,0,0,0,0,0,0,0,0,0,0,0,0,0,0,0,0,0,0,0,0,0,0,0,0,0,0,0,0,0,0,0,0,0,0,0,0,0,0,0,0,0,0,0,0,0,0,0,0,0,0,0,0,0,0,0,0,0,0,0,0,0,0,0,0,0,0,0,0,0,0,0,0,0,0,0,0,0,0,0,0,0,0,0,0,0,0,0,0,0,0,0,0,0,0,0,0,0,0,0,0,0,0,0,0,0,0,0,0,0,0,0,0,0,0,0,0,0,0,0,0,0,0,0,0,0,0,0,0,0,0,0,0,0,0,0,0,0,0,0,0,0,0,0,0,0,0,0,0,0,0,0,0
0,0,0,0,0,0,0,0,0,0,0,0,0,0,0,0,0,0,0,0,0,0,0,0,0,0,0,0,0,0,0,0,0,0,0,0,0,0,0,0,0,0,0,0,0,0,0,0,0,0,0,0,0,0,0,0,0,0,0,0,0,0,0,0,0,0,0,0,0,0,0,0,0,0,0,0,0,0,0,0,0,0,0,0,0,0,0,0,0,0,0,0,0,0,0,0,0,0,0,0,0,0,0,0,0,0,0,0,0,0,0,0,0,0,0,0,0,0,0,0,0,0,0,0,0,0,0,0,0,0,0,0,0,0,0,0,0,0,0,0,0,0,0,0,0,0,0,0,0,0,0,0,0,0,0,0,0,0,0,0,0,0,0,0,0,0,0,0,0,0,0,0,0,0,0,0,0,0,0,0,0,0,0,0,0,0,0,0,0,0,0,0,0,0,0,0,0,0,0,0,0,0,0,0,0,0,0,0,0,0,0,0,0,0,0,0,0,0,0
0,0,0,0,0,0,0,0,0,0,0,0,0,0,0,0,0,0,0,0,0,0,0,0,0,0,0,0,0,0,0,0,0,0,0,0,0,0,0,0,0,0,0,0,0,0,0,0,0,0,0,0,0,0,0,0,0,0,0,0,0,0,0,0,0,0,0,0,0,0,0,0,0,0,0,0,0,0,0,0,0,0,0,0,0,0,0,0,0,0,0,0,0,0,0,0,0,0,0,0,0,0,0,0,0,0,0,0,0,0,0,0,0,0,0,0,0,0,0,0,0,0,0,0,0,0,0,0,0,0,0,0,0,0,0,0,0,0,0,0,0,0,0,0,0,0,0,0,0,0,0,0,0,0,0,0,0,0,0,0,0,0,0,0,0,0,0,0,0,0,0,0,0,0,0,0,0,0,0,0,0,0,0,0,0,0,0,0,0,0,0,0,0,0,0,0,0,0,0,0,0,0,0,0,0,0,0,0,0,0,0,0,0,0,0,0,0,0,0
