0,0,0,0,0,0,0,0,0,0,0,0,0,0,0,0,0,0,0,0,0,0,0,0,0,0,0,0,0,0,0,0,0,0,0,0,0,0,0,0,0,0,0,0,0,0,0,0,0,0,0,0,0,0,0,0,0,0,0,0,0,0,0,0,0,0,0,0,0,0,0,0,0,0,0,0,0,0,0,0,0,0,0,0,0,0,0,0,0,0,0,0,0,0,0,0,0,0,0,0,0,0,0,0,0,0,0,0,0,0,0,0,0,0,0,0,0,0,0,0,0,0,0,0,0,0,0,0,0,0,0,0,0,0,0,0,0,0,0,0,0,0,0,0,0,0,0,0,0,0,0,0,0,0,0,0,0,0,0,0,0,0,0,0,0,0,0,0,0,0,0,0,0,0,0,0,0,0,0,0,0,0,0,0,0,0,0,0,0,0,0,0,0,0,0,0,0,0,0,0,0,0,0,0,0,0,0,0,0,0,0,0,0,0,0,0,0,0,0
0,0,0,0,0,0,0,0,0,0,0,0,0,0,0,0,0,0,0,0,0,0,0,0,0,0,0,0,0,0,0,0,0,0,0,0,0,0,0,0,0,0,0,0,0,0,0,0,0,0,0,0,0,0,0,0,0,0,0,0,0,0,0,0,0,0,0,0,0,0,0,0,0,0,0,0,0,0,0,0,0,0,0,0,0,0,0,0,0,0,0,0,0,0,0,0,0,0,0,0,0,0,0,0,0,0,0,0,0,0,0,0,0,0,0,0,0,0,0,0,0,0,0,0,0,0,0,0,0,0,0,0,0,0,0,0,0,0,0,0,0,0,0,0,0,0,0,0,0,0,0,0,0,0,0,0,0,0,0,0,0,0,0,0,0,0,0,0,0,0,0,0,0,0,0,0,0,0,0,0,0,0,0,0,0,0,0,0,0,0,0,0,0,0,0,0,0,0,0,0,0,0,0,0,0,0,0,0,0,0,0,0,0,0,0,0,0,0,0
0,0,0,0,0,0,0,0,0,0,0,0,0,0,0,0,0,0,0,0,0,0,0,0,0,0,0,0,0,0,0,0,0,0,0,0,0,0,0,0,0,0,0,0,0,0,0,0,0,0,0,0,0,0,0,0,0,0,0,0,0,0,0,0,0,0,0,0,0,0,0,0,0,0,0,0,0,0,0,0,0,0,0,0,0,0,0,0,0,0,0,0,0,0,0,0,0,0,0,0,0,0,0,0,0,0,0,0,0,0,0,0,0,0,0,0,0,0,0,0,0,0,0,0,0,0,0,0,0,0,0,0,0,0,0,0,0,0,0,0,0,0,0,0,0,0,0,0,0,0,0,0,0,0,0,0,0,0,0,0,0,0,0,0,0,0,0,0,0,0,0,0,0,0,0,0,0,0,0,0,0,0,0,0,0,0,0,0,0,0,0,0,0,0,0,0,0,0,0,0,0,0,0,0,0,0,0,0,0,0,0,0,0,0,0,0,0,0,0
0,0,0,0,0,0,0,0,0,0,0,0,0,0,0,0,0,0,0,0,0,0,0,0,0,0,0,0,0,0,0,0,0,0,0,0,0,0,0,0,0,0,0,0,0,0,0,0,0,0,0,0,0,0,0,0,0,0,0,0,0,0,0,0,0,0,0,0,0,0,0,0,0,0,0,0,0,0,0,0,0,0,0,0,0,0,0,0,0,0,0,0,0,0,0,0,0,0,0,0,0,0,0,0,0,0,0,0,0,0,0,0,0,0,0,0,0,0,0,0,0,0,0,0,0,0,0,0,0,0,0,0,0,0,0,0,0,0,0,0,0,0,0,0,0,0,0,0,0,0,0,0,0,0,0,0,0,0,0,0,0,0,0,0,0,0,0,0,0,0,0,0,0,0,0,0,0,0,0,0,0,0,0,0,0,0,0,0,0,0,0,0,0,0,0,0,0,0,0,0,0,0,0,0,0,0,0,0,0,0,0,0,0,0,0,0,0,0,0
0,0,0,0,0,0,0,0,0,0,0,0,0,0,0,0,0,0,0,0,0,0,0,0,0,0,0,0,0,0,0,0,0,0,0,0,0,0,0,0,0,0,0,0,0,0,0,0,0,0,0,0,0,0,0,0,0,0,0,0,0,0,0,0,0,0,0,0,0,0,0,0,0,0,0,0,0,0,0,0,0,0,0,0,0,0,0,0,0,0,0,0,0,0,0,0,0,0,0,0,0,0,0,0,0,0,0,0,0,0,0,0,0,0,0,0,0,0,0,0,0,0,0,0,0,0,0,0,0,0,0,0,0,0,0,0,0,0,0,0,0,0,0,0,0,0,0,0,0,0,0,0,0,0,0,0,0,0,0,0,0,0,0,0,0,0,0,0,0,0,0,0,0,0,0,0,0,0,0,0,0,0,0,0,0,0,0,0,0,0,0,0,0,0,0,0,0,0,0,0,0,0,0,0,0,0,0,0,0,0,0,0,0,0,0,0,0,0,0
0,0,0,0,0,0,0,0,0,0,0,0,0,0,0,0,0,0,0,0,0,0,0,0,0,0,0,0,0,0,0,0,0,0,0,0,0,0,0,0,0,0,0,0,0,0,0,0,0,0,0,0,0,0,0,0,0,0,0,0,0,0,0,0,0,0,0,0,0,0,0,0,0,0,0,0,0,0,0,0,0,0,0,0,0,0,0,0,0,0,0,0,0,0,0,0,0,0,0,0,0,0,0,0,0,0,0,0,0,0,0,0,0,0,0,0,0,0,0,0,0,0,0,0,0,0,0,0,0,0,0,0,0,0,0,0,0,0,0,0,0,0,0,0,0,0,0,0,0,0,0,0,0,0,0,0,0,0,0,0,0,0,0,0,0,0,0,0,0,0,0,0,0,0,0,0,0,0,0,0,0,0,0,0,0,0,0,0,0,0,0,0,0,0,0,0,0,0,0,0,0,0,0,0,0,0,0,0,0,0,0,0,0,0,0,0,0,0,0
0,0,0,0,0,0,0,0,0,0,0,0,0,0,0,0,0,0,0,0,0,0,0,0,0,0,0,0,0,0,0,0,0,0,0,0,0,0,0,0,0,0,0,0,0,0,0,0,0,0,0,0,0,0,0,0,0,0,0,0,0,0,0,0,0,0,0,0,0,0,0,0,0,0,0,0,0,0,0,0,0,0,0,0,0,0,0,0,0,0,0,0,0,0,0,0,0,0,0,0,0,0,0,0,0,0,0,0,0,0,0,0,0,0,0,0,0,0,0,0,0,0,0,0,0,0,0,0,0,0,0,0,0,0,0,0,0,0,0,0,0,0,0,0,0,0,0,0,0,0,0,0,0,0,0,0,0,0,0,0,0,0,0,0,0,0,0,0,0,0,0,0,0,0,0,0,0,0,0,0,0,0,0,0,0,0,0,0,0,0,0,0,0,0,0,0,0,0,0,0,0,0,0,0,0,0,0,0,0,0,0,0,0,0,0,0,0,0,0
0,0,0,0,0,0,0,0,0,0,0,0,0,0,0,0,0,0,0,0,0,0,0,0,0,0,0,0,0,0,0,0,0,0,0,0,0,0,0,0,0,0,0,0,0,0,0,0,0,0,0,0,0,0,0,0,0,0,0,0,0,0,0,0,0,0,0,0,0,0,0,0,0,0,0,0,0,0,0,0,0,0,0,0,0,0,0,0,0,0,0,0,0,0,0,0,0,0,0,0,0,0,0,0,0,0,0,0,0,0,0,0,0,0,0,0,0,0,0,0,0,0,0,0,0,0,0,0,0,0,0,0,0,0,0,0,0,0,0,0,0,0,0,0,0,0,0,0,0,0,0,0,0,0,0,0,0,0,0,0,0,0,0,0,0,0,0,0,0,0,0,0,0,0,0,0,0,0,0,0,0,0,0,0,0,0,0,0,0,0,0,0,0,0,0,0,0,0,0,0,0,0,0,0,0,0,0,0,0,0,0,0,0,0,0,0,0,0,0
0,0,0,0,0,0,0,0,0,0,0,0,0,0,0,0,0,0,0,0,0,0,0,0,0,0,0,0,0,0,0,0,0,0,0,0,0,0,0,0,0,0,0,0,0,0,0,0,0,0,0,0,0,0,0,0,0,0,0,0,0,0,0,0,0,0,0,0,0,0,0,0,0,0,0,0,0,0,0,0,0,0,0,0,0,0,0,0,0,0,0,0,0,0,0,0,0,0,0,0,0,0,0,0,0,0,0,0,0,0,0,0,0,0,0,0,0,0,0,0,0,0,0,0,0,0,0,0,0,0,0,0,0,0,0,0,0,0,0,0,0,0,0,0,0,0,0,0,0,0,0,0,0,0,0,0,0,0,0,0,0,0,0,0,0,0,0,0,0,0,0,0,0,0,0,0,0,0,0,0,0,0,0,0,0,0,0,0,0,0,0,0,0,0,0,0,0,0,0,0,0,0,0,0,0,0,0,0,0,0,0,0,0,0,0,0,0,0,0
0,0,0,0,0,0,0,0,0,0,0,0,0,0,0,0,0,0,0,0,0,0,0,0,0,0,0,0,0,0,0,0,0,0,0,0,0,0,0,0,0,0,0,0,0,0,0,0,0,0,0,0,0,0,0,0,0,0,0,0,0,0,0,0,0,0,0,0,0,0,0,0,0,0,0,0,0,0,0,0,0,0,0,0,0,0,0,0,0,0,0,0,0,0,0,0,0,0,0,0,0,0,0,0,0,0,0,0,0,0,0,0,0,0,0,0,0,0,0,0,0,0,0,0,0,0,0,0,0,0,0,0,0,0,0,0,0,0,0,0,0,0,0,0,0,0,0,0,0,0,0,0,0,0,0,0,0,0,0,0,0,0,0,0,0,0,0,0,0,0,0,0,0,0,0,0,0,0,0,0,0,0,0,0,0,0,0,0,0,0,0,0,0,0,0,0,0,0,0,0,0,0,0,0,0,0,0,0,0,0,0,0,0,0,0,0,0,0,0
0,0,0,0,0,0,0,0,0,0,0,0,0,0,0,0,0,0,0,0,0,0,0,0,0,0,0,0,0,0,0,0,0,0,0,0,0,0,0,0,0,0,0,0,0,0,0,0,0,0,0,0,0,0,0,0,0,0,0,0,0,0,0,0,0,0,0,0,0,0,0,0,0,0,0,0,0,0,0,0,0,0,0,0,0,0,0,0,0,0,0,0,0,0,0,0,0,0,0,0,0,0,0,0,0,0,0,0,0,0,0,0,0,0,0,0,0,0,0,0,0,0,0,0,0,0,0,0,0,0,0,0,0,0,0,0,0,0,0,0,0,0,0,0,0,0,0,0,0,0,0,0,0,0,0,0,0,0,0,0,0,0,0,0,0,0,0,0,0,0,0,0,0,0,0,0,0,0,0,0,0,0,0,0,0,0,0,0,0,0,0,0,0,0,0,0,0,0,0,0,0,0,0,0,0,0,0,0,0,0,0,0,0,0,0,0,0,0,0
0,0,0,0,0,0,0,0,0,0,0,47,52,58,63,70,74,82,90,99,99,99,98,98,99,98,98,98,97,97,96,96,89,89,89,89,89,88,88,88,87,89,82,100,100,100,100,100,96,96,96,96,102,93,93,102,102,102,102,102,102,102,104,93,93,93,93,93,93,93,93,93,93,93,93,93,93,93,93,93,93,93,93,93,93,93,93,93,93,93,93,93,92,92,92,92,102,105,98,94,94,94,94,94,99,99,99,99,99,99,99,99,110,87,102,102,102,102,102,102,102,102,92,80,100,100,100,100,100,100,100,100,100,75,75,76,76,76,76,76,76,76,76,88,88,88,88,88,88,88,88,88,88,88,88,88,88,88,88,88,88,88,88,88,81,82,82,82,82,82,82,82,82,82,95,95,95,95,95,95,95,95,95,95,95,95,95,95,0,0,0,0,0,0,0,0,0,0,0,0,0,0,0,0,0,0,0,0,0,0,0,0,0,0,0,0,0,0,0
0,0,0,0,0,0,0,0,0,0,0,65,70,15,15,15,16,16,53,52,95,81,19,49,47,22,58,58,58,58,58,58,85,85,85,85,85,23,23,23,113,65,89,89,84,84,84,65,65,65,65,65,65,65,65,64,64,22,22,22,22,63,59,64,63,62,63,62,62,62,22,80,80,85,85,85,83,89,89,85,86,81,94,94,95,84,83,102,86,20,65,65,66,66,68,68,68,68,68,68,68,68,66,62,62,62,62,62,63,63,63,74,74,74,74,74,72,61,61,49,61,49,49,72,20,20,62,62,62,62,62,62,62,21,64,64,64,64,64,64,64,65,61,52,52,53,49,53,68,68,68,68,68,68,67,72,72,72,72,22,22,62,52,52,20,20,20,75,75,75,75,75,74,74,74,74,74,75,75,75,76,65,87,87,87,89,89,67,0,0,0,0,0,0,0,0,0,0,0,0,0,0,0,0,0,0,0,0,0,0,0,0,0,0,0,0,0,0,0
0,0,0,0,0,0,0,0,0,0,0,109,109,109,148,154,154,135,156,137,137,137,139,141,153,156,156,154,143,156,148,185,152,157,157,157,147,159,167,166,167,150,165,161,161,159,159,157,144,144,167,156,166,155,155,167,157,158,141,141,142,141,141,180,157,154,166,166,157,155,158,158,169,111,110,156,142,142,149,149,159,155,160,166,160,140,171,168,168,171,174,111,78,181,168,159,171,142,142,183,174,183,141,163,141,167,167,168,159,146,175,151,149,149,150,169,169,185,158,175,201,160,155,197,156,156,154,167,167,182,182,186,186,83,186,184,190,189,190,159,160,181,190,190,154,151,152,153,184,153,190,181,186,181,182,177,177,177,182,210,158,195,159,159,168,168,168,172,171,171,171,171,170,170,164,92,170,168,168,167,169,164,164,164,164,164,172,169,0,0,0,0,0,0,0,0,0,0,0,0,0,0,0,0,0,0,0,0,0,0,0,0,0,0,0,0,0,0,0
0,0,0,0,0,0,0,0,0,0,0,155,168,168,140,132,168,163,180,168,180,168,175,191,193,193,182,182,191,182,185,170,188,188,196,157,188,185,189,188,189,186,191,157,157,157,189,185,186,157,128,186,185,185,189,191,192,190,190,191,190,190,190,192,191,191,190,190,190,190,191,190,190,191,195,195,196,200,197,168,197,204,190,202,208,202,200,200,202,203,205,175,110,170,204,195,204,204,204,197,204,202,203,204,204,204,204,202,206,207,203,210,211,210,211,210,209,211,212,213,191,191,197,201,202,204,211,206,207,201,207,201,190,78,144,200,204,201,196,201,188,200,197,189,189,189,189,196,195,193,193,197,210,206,209,211,215,215,213,206,209,209,210,209,203,194,180,180,195,195,190,177,187,196,190,95,186,190,170,190,187,187,187,195,181,187,190,191,0,0,0,0,0,0,0,0,0,0,0,0,0,0,0,0,0,0,0,0,0,0,0,0,0,0,0,0,0,0,0
0,0,0,0,0,0,0,0,0,0,0,152,151,161,155,179,150,150,150,150,150,178,189,188,188,188,188,184,184,186,185,188,168,188,169,155,186,186,186,157,157,188,188,168,165,165,189,189,164,188,167,184,192,192,192,190,191,191,191,191,190,190,190,190,190,190,190,190,190,190,190,190,188,190,188,185,190,190,202,218,217,204,202,197,190,198,202,204,205,193,201,181,148,204,202,202,202,202,202,202,204,204,204,204,204,204,202,202,204,211,209,209,210,210,210,212,212,213,213,213,211,211,202,206,204,199,197,197,197,189,190,200,191,73,167,191,197,186,188,193,186,186,188,191,197,193,195,196,189,196,193,197,206,197,210,206,209,210,208,207,210,210,210,209,210,208,210,203,202,204,201,209,203,195,108,95,190,187,193,195,196,201,201,201,197,200,186,200,0,0,0,0,0,0,0,0,0,0,0,0,0,0,0,0,0,0,0,0,0,0,0,0,0,0,0,0,0,0,0
0,0,0,0,0,0,0,0,0,0,0,154,152,156,164,154,155,163,155,163,163,179,185,193,185,188,188,185,182,185,185,193,188,188,188,188,189,188,191,194,191,191,193,194,192,192,193,191,157,189,177,184,192,191,194,191,195,194,195,195,195,196,192,195,191,191,191,195,190,166,186,195,188,181,169,157,154,152,176,201,216,190,195,202,190,196,192,191,200,202,202,169,168,202,197,202,202,202,202,203,203,202,202,206,204,204,206,209,211,212,212,210,212,212,213,212,211,213,213,213,213,211,202,201,200,201,200,197,201,200,197,197,199,70,132,191,193,187,189,189,189,185,196,196,189,193,193,196,195,191,204,205,220,220,216,209,210,212,213,210,214,213,213,210,208,210,203,202,203,187,203,187,187,200,120,84,195,201,203,202,204,205,205,205,192,202,194,205,0,0,0,0,0,0,0,0,0,0,0,0,0,0,0,0,0,0,0,0,0,0,0,0,0,0,0,0,0,0,0
0,0,0,0,0,0,0,0,0,0,0,152,158,158,164,164,164,164,165,163,163,178,183,193,181,184,182,182,185,183,191,188,188,189,191,192,193,191,196,196,196,196,196,195,196,188,197,182,126,157,149,180,196,196,196,189,196,190,193,196,196,191,186,181,186,196,197,197,197,192,181,175,169,126,167,156,157,149,170,117,195,169,190,178,170,187,191,201,178,175,202,181,185,197,196,196,197,202,202,203,202,202,204,204,206,211,211,212,209,209,211,213,213,214,211,213,215,215,215,214,214,210,209,200,197,197,197,197,199,197,191,193,167,77,201,190,193,188,190,189,189,201,197,186,186,186,202,193,197,203,214,213,210,210,210,210,214,212,213,217,210,210,206,204,195,204,204,203,203,201,202,200,203,197,108,31,197,201,204,202,201,206,206,206,206,206,205,206,0,0,0,0,0,0,0,0,0,0,0,0,0,0,0,0,0,0,0,0,0,0,0,0,0,0,0,0,0,0,0
0,0,0,0,0,0,0,0,0,0,0,166,163,182,167,170,167,170,170,170,180,179,185,185,185,185,192,188,193,184,193,193,195,194,193,197,195,200,200,200,200,200,200,193,193,193,193,179,166,166,180,166,187,194,194,194,175,195,195,200,195,169,155,170,161,191,194,169,190,182,166,91,163,121,125,154,126,137,151,168,168,169,176,181,190,191,177,170,179,200,201,204,157,201,193,198,203,202,204,202,204,204,204,206,206,204,210,212,204,212,211,212,212,209,204,210,213,213,212,214,214,211,209,201,199,199,197,198,197,197,196,197,172,166,189,191,193,196,197,195,197,195,196,194,194,201,200,206,210,213,206,196,209,211,210,211,209,214,211,214,211,210,208,209,195,203,199,203,187,195,195,197,184,195,170,187,191,195,198,197,201,201,201,201,201,201,195,197,0,0,0,0,0,0,0,0,0,0,0,0,0,0,0,0,0,0,0,0,0,0,0,0,0,0,0,0,0,0,0
0,0,0,0,0,0,0,0,0,0,0,170,160,175,175,172,172,185,185,188,185,185,188,184,184,192,193,193,185,193,195,195,193,193,194,197,200,200,200,200,200,200,194,196,185,200,195,178,167,166,156,158,158,167,170,185,196,191,191,179,167,108,166,157,110,100,195,156,191,119,113,115,110,125,122,122,153,122,122,136,166,168,127,170,190,187,178,175,202,202,200,174,203,202,202,204,203,204,206,206,206,206,206,204,206,204,210,204,209,211,212,212,210,212,212,212,213,214,214,214,210,203,206,206,201,201,201,202,200,193,201,189,197,201,201,191,201,195,206,206,200,194,195,196,193,204,201,213,214,214,209,195,210,211,211,211,214,211,210,209,210,210,208,204,195,199,199,195,198,194,195,195,193,193,190,190,192,192,193,191,191,187,187,187,187,190,187,187,0,0,0,0,0,0,0,0,0,0,0,0,0,0,0,0,0,0,0,0,0,0,0,0,0,0,0,0,0,0,0
0,0,0,0,0,0,0,0,0,0,0,179,179,179,179,183,185,182,193,184,192,193,193,193,193,193,193,193,193,194,194,193,193,193,193,192,192,196,192,192,192,194,185,169,158,189,185,168,154,131,102,102,158,157,167,163,156,149,185,127,91,57,122,111,115,137,143,119,127,111,110,132,83,93,108,108,110,111,125,135,150,127,158,175,181,176,178,169,175,159,193,202,204,201,196,202,203,202,205,209,205,206,209,204,204,209,204,210,212,213,213,214,214,214,214,214,215,214,215,213,211,203,201,201,201,201,201,201,201,201,201,210,196,205,203,203,202,214,199,199,199,205,200,200,203,214,188,214,214,214,208,211,214,210,210,210,210,210,208,210,210,206,206,199,199,195,195,195,195,193,192,191,192,192,192,192,192,192,184,187,180,187,185,186,187,180,186,186,0,0,0,0,0,0,0,0,0,0,0,0,0,0,0,0,0,0,0,0,0,0,0,0,0,0,0,0,0,0,0
0,0,0,0,0,0,0,0,0,0,0,185,185,185,180,185,185,190,193,191,193,185,193,193,193,193,193,200,192,195,193,196,193,192,188,193,192,164,164,163,185,166,167,101,165,95,157,155,108,111,107,101,111,154,108,131,155,156,154,158,96,100,93,93,93,102,105,94,115,135,103,108,99,120,109,93,109,109,137,119,137,127,121,144,169,166,181,170,178,171,179,201,204,204,196,201,203,206,211,212,212,212,213,211,212,211,212,214,213,210,213,212,213,213,214,214,213,209,213,206,203,206,201,201,201,202,206,201,206,203,203,203,214,203,214,214,214,203,212,210,209,200,197,210,198,206,210,210,201,196,204,204,211,210,208,209,206,210,206,208,204,201,195,195,197,195,195,193,191,192,184,187,187,192,186,186,184,187,187,187,187,180,187,169,180,174,173,170,0,0,0,0,0,0,0,0,0,0,0,0,0,0,0,0,0,0,0,0,0,0,0,0,0,0,0,0,0,0,0
0,0,0,0,0,0,0,0,0,0,0,151,187,187,181,185,185,185,184,185,185,193,193,193,195,193,193,193,184,188,185,185,185,178,185,185,180,162,157,167,158,99,119,127,110,91,96,126,91,91,91,91,96,96,99,91,91,157,164,90,91,93,93,110,96,93,94,110,122,119,93,115,99,144,99,125,103,86,116,109,114,109,109,115,121,121,126,114,166,170,204,178,202,199,177,186,201,201,202,209,214,211,212,214,212,212,214,214,214,213,213,215,215,215,215,215,215,215,206,206,201,201,201,201,201,201,197,201,201,197,197,193,199,199,199,206,213,199,213,209,193,194,193,193,203,201,200,201,203,199,193,201,209,206,206,206,206,210,204,201,197,195,193,192,192,192,187,186,186,185,186,185,184,185,181,180,180,179,167,175,180,170,170,169,170,169,164,164,0,0,0,0,0,0,0,0,0,0,0,0,0,0,0,0,0,0,0,0,0,0,0,0,0,0,0,0,0,0,0
0,0,0,0,0,0,0,0,0,0,0,167,171,187,184,185,185,179,175,163,161,175,179,178,175,182,171,174,174,163,157,184,188,188,159,155,153,154,111,96,113,118,127,119,111,118,91,102,76,100,96,89,89,83,83,99,99,99,83,85,102,82,89,92,96,102,93,87,93,91,92,93,93,93,118,94,96,110,110,112,91,125,136,115,111,122,137,132,181,150,157,144,169,178,193,201,190,201,204,202,206,204,212,213,214,214,214,210,209,214,213,214,214,213,213,213,212,211,203,203,206,201,201,201,201,201,202,201,201,201,201,203,197,206,193,199,203,203,197,196,195,196,193,193,196,201,196,201,201,210,205,206,206,206,202,201,201,197,195,192,193,188,187,185,184,185,180,179,176,177,168,170,169,180,172,171,171,169,167,170,154,170,154,168,158,158,155,154,0,0,0,0,0,0,0,0,0,0,0,0,0,0,0,0,0,0,0,0,0,0,0,0,0,0,0,0,0,0,0
0,0,0,0,0,0,0,0,0,0,0,117,94,156,153,147,146,151,147,134,155,146,155,151,161,149,98,154,101,166,145,152,124,117,117,117,135,146,94,103,100,130,91,96,91,118,91,99,96,157,93,89,90,89,89,90,88,96,122,89,89,89,89,92,110,92,92,93,93,93,117,90,122,93,102,96,108,110,109,108,115,112,107,110,110,137,111,127,111,178,169,111,122,168,178,180,188,204,199,203,212,212,212,215,214,214,214,214,213,213,214,213,213,212,211,210,209,203,203,207,206,201,201,201,201,201,201,201,199,199,199,206,201,201,203,203,203,203,200,199,204,205,206,206,199,199,197,197,196,194,197,201,197,197,196,195,194,194,192,192,193,193,188,187,187,187,186,186,187,187,187,187,187,186,186,186,187,175,170,171,160,160,169,168,174,164,165,169,0,0,0,0,0,0,0,0,0,0,0,0,0,0,0,0,0,0,0,0,0,0,0,0,0,0,0,0,0,0,0
0,0,0,0,0,0,0,0,0,0,0,113,65,93,94,89,114,104,126,94,96,88,91,112,109,115,100,110,98,98,98,98,122,122,122,105,103,100,100,95,95,103,95,96,94,99,96,96,100,109,96,93,100,110,103,108,112,97,93,94,93,96,91,91,93,93,93,93,93,93,93,119,118,93,117,97,117,116,96,96,104,96,96,119,104,109,109,110,121,165,152,112,163,170,167,178,204,204,197,201,214,212,214,212,214,213,213,212,212,212,212,212,211,209,209,206,207,203,206,206,206,206,206,206,201,201,206,205,203,205,203,203,202,202,203,203,203,202,197,197,201,199,199,199,197,199,201,201,197,195,197,197,195,194,193,193,192,194,193,191,192,188,187,188,188,187,187,187,191,191,193,193,184,184,193,189,189,187,181,188,186,195,187,185,189,186,180,177,0,0,0,0,0,0,0,0,0,0,0,0,0,0,0,0,0,0,0,0,0,0,0,0,0,0,0,0,0,0,0
0,0,0,0,0,0,0,0,0,0,0,91,93,68,64,66,96,66,117,66,72,83,118,94,93,96,86,103,96,96,110,96,122,119,91,100,96,97,110,95,96,122,96,96,89,100,94,129,133,99,103,103,103,114,110,122,110,97,99,103,110,111,110,110,93,93,92,92,93,93,93,93,119,92,93,103,96,96,96,108,117,111,116,107,96,110,110,110,102,131,122,122,136,115,161,154,204,204,193,205,212,212,214,212,213,213,212,212,212,212,211,211,211,210,210,209,209,209,204,205,209,205,205,205,206,205,205,205,205,205,205,205,209,201,204,204,202,201,199,205,199,199,199,202,197,201,199,197,197,194,194,200,193,193,191,191,192,191,191,193,191,191,191,193,191,191,192,192,192,192,191,191,191,191,192,189,189,189,189,189,189,189,194,190,187,185,187,187,0,0,0,0,0,0,0,0,0,0,0,0,0,0,0,0,0,0,0,0,0,0,0,0,0,0,0,0,0,0,0
0,0,0,0,0,0,0,0,0,0,0,64,65,63,63,74,64,64,64,74,72,65,65,73,82,96,79,79,99,86,92,86,99,99,103,96,96,95,90,92,154,122,93,121,96,110,110,96,96,91,91,110,89,157,93,93,95,93,93,105,93,93,93,92,91,93,102,99,103,102,87,92,93,93,92,92,91,93,96,111,110,97,110,103,111,110,151,134,111,123,121,110,121,111,112,141,159,200,197,205,212,212,212,214,214,213,213,212,213,214,213,213,213,213,212,213,213,212,212,211,210,210,211,212,205,205,205,204,204,205,206,206,207,205,206,205,206,206,206,205,201,205,203,199,199,199,206,201,197,201,201,197,197,193,193,193,192,192,192,191,191,192,192,192,192,191,193,193,193,194,193,195,195,195,195,195,196,195,196,197,197,195,196,196,196,196,196,192,0,0,0,0,0,0,0,0,0,0,0,0,0,0,0,0,0,0,0,0,0,0,0,0,0,0,0,0,0,0,0
0,0,0,0,0,0,0,0,0,0,0,56,56,72,74,53,56,58,58,58,61,61,58,66,62,62,65,65,64,79,92,93,67,103,91,96,96,96,90,94,110,96,96,96,96,96,90,96,91,111,90,90,95,96,96,96,103,122,99,89,90,102,102,93,102,93,93,93,99,99,93,93,99,110,110,108,121,110,109,110,110,110,111,109,111,126,111,115,111,109,110,126,115,111,123,124,128,157,204,202,200,204,204,206,214,204,209,209,206,212,206,211,211,207,209,206,206,209,202,202,202,202,202,206,206,206,206,206,206,201,202,205,205,205,205,205,205,205,205,205,201,199,199,199,200,200,200,200,199,201,201,193,193,196,196,196,195,195,195,195,195,195,195,195,195,194,194,194,195,195,195,196,196,195,195,195,196,195,195,195,195,195,197,195,197,194,196,196,0,0,0,0,0,0,0,0,0,0,0,0,0,0,0,0,0,0,0,0,0,0,0,0,0,0,0,0,0,0,0
0,0,0,0,0,0,0,0,0,0,0,77,55,56,56,56,58,61,73,58,58,64,61,64,64,58,61,62,65,62,65,65,79,96,92,96,102,99,90,95,96,96,91,90,91,96,91,99,105,91,91,104,91,98,96,91,99,83,96,91,100,83,89,102,93,103,110,101,101,103,103,110,120,121,161,126,144,122,122,121,121,116,121,111,126,115,111,114,114,111,114,123,111,136,115,110,133,126,165,204,202,211,202,202,192,193,200,200,204,195,207,194,206,201,206,202,201,201,201,193,194,201,201,206,204,204,204,205,202,202,202,201,201,202,202,202,202,202,202,206,199,206,199,199,199,199,199,199,200,200,200,200,200,199,199,201,201,201,199,199,199,200,200,198,199,199,199,198,199,198,198,199,199,199,198,198,195,193,196,196,197,195,192,198,197,192,196,198,0,0,0,0,0,0,0,0,0,0,0,0,0,0,0,0,0,0,0,0,0,0,0,0,0,0,0,0,0,0,0
0,0,0,0,0,0,0,0,0,0,0,47,44,61,56,56,63,63,63,56,66,64,56,64,54,62,62,59,64,61,68,65,64,61,66,96,91,96,96,91,93,90,90,91,90,89,96,96,91,90,95,85,89,95,91,92,100,99,96,91,102,102,99,99,93,99,105,103,103,110,110,110,110,111,121,110,168,62,109,110,114,123,123,110,110,110,110,113,102,123,123,102,122,112,121,103,110,122,137,170,187,178,187,187,178,178,187,187,191,206,191,168,167,155,186,185,206,187,182,201,206,201,197,202,205,206,204,206,206,205,205,205,202,202,202,202,202,202,202,202,199,199,204,204,205,205,205,199,203,199,199,197,199,200,199,201,201,201,201,197,201,201,201,201,200,199,199,200,200,200,199,193,193,193,194,192,193,195,194,184,188,192,193,192,192,193,192,194,0,0,0,0,0,0,0,0,0,0,0,0,0,0,0,0,0,0,0,0,0,0,0,0,0,0,0,0,0,0,0
0,0,0,0,0,0,0,0,0,0,0,54,48,55,57,54,53,58,56,58,56,55,52,53,53,53,55,55,55,58,59,61,59,62,68,66,113,65,90,111,83,89,99,91,96,104,90,96,91,94,95,99,93,102,105,83,87,88,91,100,95,96,107,107,103,93,111,110,93,110,112,108,110,137,110,110,121,112,116,122,110,110,118,99,116,108,119,99,99,122,112,116,111,105,120,96,112,120,155,171,170,186,178,178,178,168,177,178,173,168,164,165,153,168,168,209,168,177,185,206,209,200,199,198,201,202,206,206,205,204,201,201,202,202,201,202,201,201,201,201,201,201,201,201,196,195,199,197,197,199,199,201,199,199,199,199,199,199,199,199,199,199,200,199,199,201,201,199,201,199,199,199,199,199,200,199,199,199,196,196,196,196,196,193,194,194,197,195,0,0,0,0,0,0,0,0,0,0,0,0,0,0,0,0,0,0,0,0,0,0,0,0,0,0,0,0,0,0,0
0,0,0,0,0,0,0,0,0,0,0,28,44,53,51,51,51,50,50,50,50,52,52,55,55,53,54,54,55,55,62,60,61,64,65,61,66,91,77,112,90,93,93,96,93,90,89,86,103,89,99,103,102,96,86,86,86,87,91,99,98,105,93,91,104,93,93,97,121,93,108,108,101,93,116,118,120,105,111,121,110,121,111,121,108,111,110,121,121,108,111,110,111,111,110,110,111,151,167,170,187,185,184,177,181,170,164,187,169,155,159,164,165,185,160,153,168,171,137,201,213,184,170,194,196,198,202,206,206,206,201,200,205,200,202,202,202,201,201,197,197,205,200,200,199,199,199,199,199,199,199,199,199,203,203,203,205,199,199,208,208,199,203,199,199,199,201,199,199,199,199,199,199,199,199,199,199,197,200,199,199,199,196,197,196,196,196,197,0,0,0,0,0,0,0,0,0,0,0,0,0,0,0,0,0,0,0,0,0,0,0,0,0,0,0,0,0,0,0
0,0,0,0,0,0,0,0,0,0,0,18,25,31,23,33,48,48,48,48,51,52,52,52,54,53,54,55,55,55,56,59,59,61,61,76,82,82,93,93,95,83,96,91,99,90,102,100,89,89,90,94,90,89,82,83,99,82,82,82,82,86,93,83,83,83,87,86,89,92,93,93,111,103,96,93,96,102,109,94,105,107,107,102,110,111,110,115,111,122,116,110,122,122,137,131,165,185,178,178,178,167,171,167,159,165,161,155,164,178,158,183,156,160,124,147,166,165,149,166,170,174,172,174,185,184,201,199,206,204,205,205,205,205,205,202,199,200,202,205,205,205,204,204,199,199,205,202,201,199,199,199,200,198,199,204,204,206,206,206,208,199,205,205,205,205,205,205,202,202,202,202,204,200,203,202,202,201,201,200,200,201,200,197,197,198,196,194,0,0,0,0,0,0,0,0,0,0,0,0,0,0,0,0,0,0,0,0,0,0,0,0,0,0,0,0,0,0,0
0,0,0,0,0,0,0,0,0,0,0,25,48,35,33,30,50,56,56,52,57,55,55,55,54,55,60,56,53,54,56,58,60,61,61,61,62,65,58,64,82,67,95,94,91,93,85,91,90,91,103,111,91,93,103,100,103,103,95,89,91,99,90,89,91,99,99,86,105,86,91,94,93,93,99,93,105,107,110,96,102,111,111,111,111,112,126,123,124,110,122,122,123,171,173,171,171,163,155,187,160,178,171,168,167,167,167,171,179,174,155,159,156,125,124,124,134,135,158,167,167,146,158,174,174,197,197,201,202,205,205,206,204,205,205,204,204,204,204,204,205,200,203,200,206,205,205,205,205,205,199,199,206,206,205,206,206,206,206,206,199,200,206,206,199,205,200,204,204,200,204,200,204,204,204,201,202,199,199,200,200,200,195,196,197,198,196,195,0,0,0,0,0,0,0,0,0,0,0,0,0,0,0,0,0,0,0,0,0,0,0,0,0,0,0,0,0,0,0
0,0,0,0,0,0,0,0,0,0,0,56,51,55,63,63,56,56,56,55,56,55,58,58,66,62,58,58,58,58,59,59,62,61,60,61,61,62,62,61,79,69,89,91,83,83,83,83,91,100,91,96,96,96,93,93,94,95,96,95,96,105,116,95,93,91,91,93,110,91,93,93,93,91,91,105,101,100,105,108,109,109,109,112,110,109,126,110,122,123,122,122,116,166,167,167,196,167,187,206,174,164,164,156,167,185,178,172,185,167,120,164,101,118,120,117,123,122,120,120,120,130,179,174,175,181,184,197,201,202,201,202,202,205,205,206,205,204,204,202,205,206,205,205,205,200,205,209,200,208,199,204,205,205,208,200,201,205,205,204,204,200,200,200,200,200,204,204,204,204,200,200,200,201,200,200,201,201,200,200,200,197,197,197,198,198,196,196,0,0,0,0,0,0,0,0,0,0,0,0,0,0,0,0,0,0,0,0,0,0,0,0,0,0,0,0,0,0,0
0,0,0,0,0,0,0,0,0,0,0,58,58,58,67,58,65,63,63,62,60,60,60,61,61,61,66,65,62,62,59,60,65,59,59,58,65,62,61,61,61,62,82,103,99,76,89,96,85,90,91,93,104,105,104,100,122,100,110,91,114,96,110,92,100,90,91,94,93,110,101,108,91,93,104,110,112,121,105,108,123,135,121,122,109,122,110,111,122,167,111,121,110,156,178,171,168,163,131,158,154,166,172,158,158,154,168,166,156,142,153,127,101,101,112,106,118,108,108,120,101,156,121,149,158,160,180,184,184,196,197,199,202,205,205,204,204,208,205,205,205,201,201,203,205,205,205,204,199,199,205,204,205,204,205,201,208,208,205,204,205,205,200,205,203,203,200,200,200,199,199,195,195,195,197,199,199,198,199,199,199,199,199,198,198,198,197,197,0,0,0,0,0,0,0,0,0,0,0,0,0,0,0,0,0,0,0,0,0,0,0,0,0,0,0,0,0,0,0
0,0,0,0,0,0,0,0,0,0,0,52,55,58,60,62,58,64,65,65,62,62,62,62,61,62,62,61,61,62,60,59,59,59,59,59,61,59,60,58,58,59,58,62,93,94,89,91,99,90,94,93,96,110,100,110,96,91,110,92,91,94,102,91,93,91,104,110,94,110,112,110,111,112,121,122,111,110,119,122,110,114,123,122,122,121,121,109,111,122,121,111,110,123,144,154,150,143,142,132,131,148,166,142,142,150,115,154,115,148,139,102,123,102,100,99,123,100,120,124,100,140,119,149,122,199,162,167,173,174,196,183,201,202,202,205,206,205,201,205,205,201,205,201,205,205,208,209,216,201,205,205,208,208,205,206,206,199,201,201,199,201,201,199,199,199,199,199,199,199,199,199,199,199,200,199,199,199,199,200,200,200,200,200,199,200,200,200,0,0,0,0,0,0,0,0,0,0,0,0,0,0,0,0,0,0,0,0,0,0,0,0,0,0,0,0,0,0,0
0,0,0,0,0,0,0,0,0,0,0,55,55,56,64,61,65,65,66,64,58,62,61,60,60,62,58,60,60,60,59,59,58,58,61,59,58,59,61,61,61,61,62,64,65,99,89,89,93,89,93,90,98,102,90,91,91,93,96,98,91,91,92,93,94,93,93,99,110,110,110,110,110,110,110,110,110,147,191,158,126,153,109,116,110,121,110,119,110,109,112,110,111,110,117,145,131,121,123,120,122,155,140,129,135,129,124,118,107,138,122,102,119,120,120,99,102,97,119,120,108,118,120,111,101,136,174,174,168,182,188,206,205,205,206,213,213,206,208,213,213,213,213,213,213,213,199,201,205,204,205,204,204,204,206,199,199,199,199,199,199,199,199,199,199,199,199,199,199,199,199,199,199,199,200,200,200,200,200,201,200,200,200,201,202,202,202,201,0,0,0,0,0,0,0,0,0,0,0,0,0,0,0,0,0,0,0,0,0,0,0,0,0,0,0,0,0,0,0
0,0,0,0,0,0,0,0,0,0,0,54,52,55,55,58,76,76,58,58,58,58,53,55,53,55,53,54,53,55,55,55,53,62,54,58,56,59,62,83,81,99,70,99,66,82,90,89,89,103,90,96,89,82,90,91,93,92,92,100,90,102,89,99,99,89,93,89,92,91,89,89,91,91,91,91,111,110,94,91,110,110,110,102,115,112,102,111,110,110,120,122,110,110,111,153,163,111,121,151,167,142,167,135,132,148,123,117,123,122,122,123,118,142,110,102,120,123,120,110,120,102,122,120,123,156,174,179,183,201,201,202,204,216,206,206,206,205,206,208,206,213,204,213,205,213,201,201,206,206,206,199,206,200,206,206,206,204,203,203,203,203,203,203,203,203,204,204,204,202,202,202,202,202,201,202,201,202,202,202,202,202,204,202,200,200,201,201,0,0,0,0,0,0,0,0,0,0,0,0,0,0,0,0,0,0,0,0,0,0,0,0,0,0,0,0,0,0,0
0,0,0,0,0,0,0,0,0,0,0,50,50,52,52,56,75,67,53,53,53,55,55,55,55,54,53,54,54,53,53,56,56,59,56,60,59,59,82,82,70,71,85,77,79,75,91,110,93,96,105,99,103,91,104,103,102,93,94,89,99,103,89,90,93,91,93,89,88,90,94,96,95,93,103,103,105,103,89,92,100,102,111,108,100,103,126,111,110,111,116,121,123,121,111,122,122,154,159,151,168,171,130,122,111,150,156,156,155,109,120,122,102,100,100,100,140,102,102,97,108,128,113,128,119,113,127,155,201,201,202,205,208,216,213,206,206,208,206,217,199,220,220,201,204,201,201,200,205,205,204,205,199,199,206,205,199,205,205,200,205,205,205,204,200,200,205,200,204,202,204,204,204,202,201,202,201,201,199,199,199,199,199,197,197,200,201,197,0,0,0,0,0,0,0,0,0,0,0,0,0,0,0,0,0,0,0,0,0,0,0,0,0,0,0,0,0,0,0
0,0,0,0,0,0,0,0,0,0,0,48,48,49,50,53,53,51,52,52,52,54,53,53,53,54,55,54,54,53,53,54,54,54,60,57,59,61,58,65,62,62,82,59,64,61,82,90,86,110,93,90,90,90,88,90,93,92,93,93,92,94,99,99,99,83,99,83,107,100,96,95,96,93,93,90,86,94,104,103,112,99,110,94,100,108,103,110,103,105,111,112,120,111,111,110,110,138,122,165,143,155,141,111,142,129,150,149,123,100,100,142,99,121,100,101,100,100,100,100,100,120,108,105,112,119,119,118,202,213,201,202,222,218,166,218,206,208,222,217,204,217,205,205,205,205,205,201,208,205,208,205,205,204,205,204,204,205,200,199,205,205,205,204,204,204,205,204,201,200,199,200,200,200,200,200,200,203,201,203,196,195,196,196,196,200,200,199,0,0,0,0,0,0,0,0,0,0,0,0,0,0,0,0,0,0,0,0,0,0,0,0,0,0,0,0,0,0,0
0,0,0,0,0,0,0,0,0,0,0,50,50,49,50,48,48,50,48,50,48,50,50,50,50,50,50,54,51,58,54,56,55,56,54,54,58,58,58,58,58,58,61,59,61,62,62,99,88,94,95,99,94,89,92,91,95,94,95,95,95,103,93,99,95,96,86,95,102,109,86,100,86,81,88,88,90,86,104,96,105,100,99,99,96,107,105,112,102,103,102,108,102,121,102,116,120,111,122,136,110,111,102,107,105,141,122,101,100,100,97,101,102,99,97,122,120,98,119,98,100,99,102,100,110,109,102,121,175,199,205,220,188,216,205,213,205,205,205,213,213,204,204,204,204,201,205,209,201,201,205,205,205,208,209,208,208,208,208,208,208,208,208,204,204,204,204,205,204,205,205,205,205,204,204,205,204,205,205,205,205,205,204,205,203,203,205,205,0,0,0,0,0,0,0,0,0,0,0,0,0,0,0,0,0,0,0,0,0,0,0,0,0,0,0,0,0,0,0
0,0,0,0,0,0,0,0,0,0,0,39,39,43,48,52,51,51,50,50,47,47,52,47,47,48,49,51,49,55,57,53,53,58,53,54,54,55,56,60,60,59,61,61,62,62,62,75,99,90,92,89,91,93,92,92,93,93,92,95,89,95,110,91,102,96,96,95,94,82,81,81,81,82,94,88,83,83,96,89,91,89,87,100,100,93,108,93,94,120,96,99,99,120,107,103,107,110,122,109,110,100,111,97,104,100,100,102,100,100,100,100,100,120,102,100,96,100,97,100,105,120,99,102,101,109,120,123,156,174,185,201,179,205,197,202,205,206,205,215,215,222,218,218,218,217,211,213,204,213,210,204,204,201,204,204,201,208,201,208,205,204,206,204,206,206,204,204,206,205,205,208,208,208,208,209,211,211,201,209,209,211,209,210,211,210,211,211,0,0,0,0,0,0,0,0,0,0,0,0,0,0,0,0,0,0,0,0,0,0,0,0,0,0,0,0,0,0,0
0,0,0,0,0,0,0,0,0,0,0,50,49,49,47,47,47,47,47,47,47,47,47,47,49,49,49,52,53,53,53,53,53,60,53,54,54,58,59,59,57,58,58,62,59,61,79,75,89,93,91,90,91,94,91,92,91,91,92,95,95,95,92,91,87,87,85,85,85,85,83,88,83,83,88,83,83,83,83,88,87,91,100,100,94,104,93,103,94,103,103,110,103,99,102,103,102,107,111,109,110,111,100,100,100,98,118,100,96,120,96,96,98,98,96,100,118,122,100,101,100,98,97,100,119,105,120,109,111,122,174,175,199,205,197,196,205,204,201,209,205,218,218,215,217,215,209,204,204,204,209,206,204,205,201,205,205,204,204,204,204,204,205,208,208,205,208,208,205,209,209,209,209,208,211,209,210,209,201,209,211,205,200,209,210,210,210,210,0,0,0,0,0,0,0,0,0,0,0,0,0,0,0,0,0,0,0,0,0,0,0,0,0,0,0,0,0,0,0
0,0,0,0,0,0,0,0,0,0,0,56,50,50,50,49,49,49,50,49,48,49,49,49,49,48,54,53,53,48,54,54,51,59,54,59,58,57,59,58,58,58,59,59,61,61,61,62,66,102,102,92,93,96,91,92,92,93,93,93,93,92,100,93,89,96,96,86,85,85,86,86,86,85,100,86,100,100,96,91,99,87,94,103,100,96,100,111,110,100,109,111,111,110,109,96,107,110,102,100,105,108,107,107,100,100,98,100,102,102,96,101,99,98,109,109,109,109,97,100,99,95,96,100,101,98,100,100,109,100,127,127,167,187,156,199,196,174,205,205,201,205,206,210,206,206,206,206,206,206,206,206,206,206,206,206,206,206,201,206,206,206,206,209,209,209,209,209,209,208,208,208,208,205,208,211,211,211,211,210,210,210,210,210,210,211,210,211,0,0,0,0,0,0,0,0,0,0,0,0,0,0,0,0,0,0,0,0,0,0,0,0,0,0,0,0,0,0,0
0,0,0,0,0,0,0,0,0,0,0,51,50,50,49,55,50,50,47,48,50,47,47,47,51,48,46,47,48,46,55,53,51,52,54,58,53,58,58,58,58,59,58,62,61,88,77,66,76,100,102,93,111,99,92,103,86,89,89,89,98,103,103,85,85,85,87,85,85,85,85,86,86,85,112,99,100,99,105,102,96,91,92,102,102,96,90,100,115,107,99,117,107,107,102,87,107,102,94,110,107,102,119,118,118,100,100,101,100,98,100,100,100,98,96,122,118,98,94,98,112,106,98,100,101,100,101,101,101,102,106,110,170,177,136,179,205,205,205,207,205,209,206,206,206,208,208,208,206,208,208,206,206,206,206,206,211,201,201,201,201,208,208,209,208,208,209,208,208,208,208,208,208,209,211,208,211,208,211,208,208,209,209,201,211,211,208,208,0,0,0,0,0,0,0,0,0,0,0,0,0,0,0,0,0,0,0,0,0,0,0,0,0,0,0,0,0,0,0
0,0,0,0,0,0,0,0,0,0,0,55,54,54,53,47,53,56,50,50,52,52,51,50,51,50,51,51,52,54,54,53,57,59,59,59,59,59,58,58,58,58,59,61,61,61,62,62,82,84,80,100,89,110,99,91,89,86,89,85,85,87,90,90,85,83,88,85,85,85,86,85,85,85,88,85,94,85,89,96,104,93,86,100,92,85,85,85,85,93,96,103,102,107,87,98,103,94,102,115,103,87,103,110,101,120,101,99,99,100,99,97,100,100,100,101,120,97,97,97,97,100,100,99,100,97,99,98,101,109,120,128,139,119,163,201,201,180,193,202,207,208,206,205,206,206,208,208,211,206,211,206,206,206,206,206,206,205,201,201,201,209,209,208,208,208,209,208,208,208,209,209,209,209,209,211,208,208,208,208,208,211,201,201,210,205,211,209,0,0,0,0,0,0,0,0,0,0,0,0,0,0,0,0,0,0,0,0,0,0,0,0,0,0,0,0,0,0,0
0,0,0,0,0,0,0,0,0,0,0,53,54,54,53,53,54,53,53,53,53,52,53,53,53,53,53,53,53,57,53,54,56,59,59,59,59,59,58,58,59,62,62,59,80,61,62,62,82,86,65,89,88,100,99,86,89,89,96,83,90,85,84,99,85,85,86,85,92,77,85,85,85,85,84,85,85,85,85,85,85,85,100,103,91,86,100,87,91,87,103,102,102,94,85,87,85,85,103,103,102,94,103,95,100,100,98,96,99,99,99,100,100,98,99,100,100,100,98,100,100,123,101,100,99,98,100,97,99,105,109,113,113,120,134,158,198,146,193,201,192,200,201,204,205,201,206,213,211,206,206,206,206,206,206,201,205,201,208,208,208,208,208,208,208,208,208,208,208,209,209,209,208,208,208,208,208,208,208,201,210,210,210,210,210,210,207,211,0,0,0,0,0,0,0,0,0,0,0,0,0,0,0,0,0,0,0,0,0,0,0,0,0,0,0,0,0,0,0
0,0,0,0,0,0,0,0,0,0,0,47,47,56,51,55,53,53,52,53,53,53,53,55,58,58,56,58,58,55,55,56,62,60,61,60,60,56,62,64,54,64,64,61,59,59,62,59,82,82,64,80,82,100,100,85,85,82,85,90,89,90,84,83,85,83,83,85,85,85,91,85,85,85,85,85,85,85,85,83,85,84,85,86,82,83,83,87,85,87,94,92,100,102,87,94,85,102,85,85,85,85,101,102,94,98,99,96,99,100,95,99,98,101,108,98,95,107,98,99,109,118,113,95,98,99,102,100,102,118,108,109,100,110,126,157,193,127,155,188,166,201,199,204,205,204,206,208,211,206,206,209,206,206,206,206,201,205,209,208,208,208,208,208,208,209,208,208,208,208,208,205,205,205,205,205,205,205,205,204,205,205,205,205,200,201,202,203,0,0,0,0,0,0,0,0,0,0,0,0,0,0,0,0,0,0,0,0,0,0,0,0,0,0,0,0,0,0,0
0,0,0,0,0,0,0,0,0,0,0,47,46,46,47,54,52,53,52,53,53,54,54,57,60,54,60,59,58,58,58,58,64,58,80,58,58,58,58,70,64,62,62,62,62,58,61,62,61,66,64,80,81,83,85,102,100,89,83,83,82,83,85,83,84,85,84,83,83,83,83,83,83,84,91,91,84,84,83,77,84,84,84,84,85,85,85,83,85,85,87,92,100,87,85,87,102,102,99,94,94,94,85,85,100,99,98,101,91,99,97,100,100,108,99,99,101,98,98,106,97,97,105,106,98,99,98,95,99,102,100,109,100,118,102,127,136,194,136,179,152,198,193,182,205,208,206,205,205,211,209,209,209,209,209,205,209,209,208,208,208,208,208,209,208,208,208,208,208,208,208,205,205,205,205,205,204,199,205,205,204,204,205,205,205,205,201,201,0,0,0,0,0,0,0,0,0,0,0,0,0,0,0,0,0,0,0,0,0,0,0,0,0,0,0,0,0,0,0
0,0,0,0,0,0,0,0,0,0,0,45,46,45,55,53,54,55,55,55,55,58,57,55,64,54,58,58,59,61,60,60,60,54,59,61,58,58,59,57,57,57,59,54,59,59,58,59,60,60,60,60,60,93,83,88,95,85,85,85,85,83,83,85,83,83,83,87,83,83,83,83,83,80,80,80,83,84,83,85,84,84,85,85,85,84,84,82,85,85,91,94,94,100,102,99,99,99,100,100,99,100,85,102,100,85,103,95,95,92,95,98,97,95,100,95,98,100,97,98,113,106,95,95,95,95,95,95,101,106,100,105,96,105,98,102,130,137,156,100,179,195,184,176,192,208,204,206,211,206,205,206,206,205,210,210,209,209,209,208,208,208,208,209,209,209,209,208,208,208,205,205,204,204,204,205,199,203,202,202,202,202,202,205,200,200,199,203,0,0,0,0,0,0,0,0,0,0,0,0,0,0,0,0,0,0,0,0,0,0,0,0,0,0,0,0,0,0,0
0,0,0,0,0,0,0,0,0,0,0,45,46,46,46,53,53,53,53,59,59,56,58,53,53,55,58,54,58,58,53,53,55,54,54,62,53,53,58,59,59,57,57,58,57,57,58,58,59,57,57,57,57,62,62,76,83,86,86,85,83,81,83,82,82,83,82,83,83,83,80,83,83,83,80,80,84,84,84,85,85,85,85,85,85,84,84,82,85,85,91,92,92,100,99,102,94,85,95,94,102,92,102,85,85,85,85,95,90,97,95,93,95,94,95,99,99,99,118,100,98,95,95,106,95,99,97,98,95,98,98,102,101,98,97,100,108,113,129,192,141,194,188,176,198,198,205,206,206,205,213,205,205,205,210,208,209,209,208,208,208,208,208,209,208,209,209,208,208,208,208,208,208,208,208,208,205,205,205,205,204,201,203,201,203,203,195,201,0,0,0,0,0,0,0,0,0,0,0,0,0,0,0,0,0,0,0,0,0,0,0,0,0,0,0,0,0,0,0
0,0,0,0,0,0,0,0,0,0,0,26,26,26,26,47,53,54,47,55,55,50,47,48,54,54,53,53,59,57,53,53,56,56,59,59,57,56,57,57,58,56,58,53,56,54,58,58,58,59,56,57,58,59,62,85,75,83,82,83,82,82,75,83,83,81,81,80,80,80,80,80,80,80,81,83,83,83,83,83,83,84,83,83,83,84,84,84,84,85,85,85,85,85,85,104,99,85,96,102,96,92,92,100,100,102,85,98,93,93,90,90,95,99,95,95,95,100,100,100,106,97,95,95,98,98,98,102,96,95,99,96,100,99,95,99,98,109,137,159,181,146,146,152,181,193,195,179,207,208,211,213,211,213,213,211,211,211,208,208,206,205,206,208,208,208,208,205,208,208,205,205,205,206,206,205,202,202,205,205,189,195,198,194,195,185,173,184,0,0,0,0,0,0,0,0,0,0,0,0,0,0,0,0,0,0,0,0,0,0,0,0,0,0,0,0,0,0,0
0,0,0,0,0,0,0,0,0,0,0,45,24,24,49,47,48,48,48,48,48,48,48,48,50,54,54,53,57,50,50,54,53,54,55,53,61,61,58,58,58,58,58,58,58,58,58,58,58,58,57,58,60,61,61,65,62,66,61,83,82,66,81,75,75,80,69,82,80,80,82,82,81,84,84,84,83,83,83,83,82,81,82,83,82,83,83,84,84,84,81,91,92,92,92,87,87,85,103,87,94,92,85,103,93,98,102,96,95,98,95,95,95,95,92,92,92,92,98,95,95,92,102,99,100,102,99,92,92,95,95,97,98,99,109,99,98,99,95,157,117,193,94,111,168,192,156,175,199,194,206,208,211,211,208,211,211,211,208,208,206,206,208,208,208,208,205,206,208,206,209,209,205,205,201,205,198,186,194,195,189,186,176,185,176,174,160,151,0,0,0,0,0,0,0,0,0,0,0,0,0,0,0,0,0,0,0,0,0,0,0,0,0,0,0,0,0,0,0
0,0,0,0,0,0,0,0,0,0,0,48,54,50,49,50,48,48,52,50,49,48,49,51,51,53,53,54,54,54,53,54,53,54,54,53,61,59,58,58,59,58,57,61,61,61,57,59,59,58,59,61,61,59,59,61,58,66,61,61,61,64,59,80,80,66,80,62,80,80,83,82,83,83,83,85,83,91,92,91,91,84,83,83,82,83,82,83,92,81,92,81,81,81,92,81,91,91,83,92,91,86,87,92,102,102,102,98,94,94,93,93,99,98,95,95,92,97,95,95,100,100,98,99,100,100,100,92,99,98,98,99,99,95,98,99,99,118,99,100,129,157,182,127,127,149,174,127,134,185,189,195,192,208,206,206,208,208,209,209,208,208,209,208,208,209,208,208,206,205,208,204,205,201,198,191,180,186,186,195,200,193,178,179,189,168,176,160,0,0,0,0,0,0,0,0,0,0,0,0,0,0,0,0,0,0,0,0,0,0,0,0,0,0,0,0,0,0,0
0,0,0,0,0,0,0,0,0,0,0,48,48,48,46,46,46,45,47,47,47,47,47,51,49,53,53,53,53,54,56,54,56,53,54,54,54,59,58,57,58,58,58,58,58,58,57,57,57,59,57,57,54,58,54,61,56,58,58,58,59,61,62,61,59,82,62,81,82,80,83,83,83,83,83,83,83,83,83,83,84,87,87,87,82,83,82,83,81,91,81,91,81,83,83,83,82,83,83,92,87,87,91,84,87,94,82,102,97,101,95,98,97,95,99,99,91,95,98,94,94,100,91,102,100,100,99,100,97,99,99,98,99,95,95,100,99,100,100,99,100,138,156,155,162,165,141,197,182,173,173,177,185,189,195,201,205,209,209,209,209,208,209,209,203,208,201,200,199,199,205,201,201,200,185,198,198,198,182,187,196,178,186,186,176,182,168,174,0,0,0,0,0,0,0,0,0,0,0,0,0,0,0,0,0,0,0,0,0,0,0,0,0,0,0,0,0,0,0
0,0,0,0,0,0,0,0,0,0,0,49,48,48,49,48,48,48,48,48,48,49,49,49,54,48,48,53,54,54,54,53,53,57,57,61,59,58,58,58,58,58,58,58,61,61,61,61,61,61,61,62,58,58,61,61,54,58,57,58,58,59,59,62,59,59,80,82,80,83,81,80,75,77,80,80,80,77,83,81,83,83,83,83,82,83,83,88,83,83,82,88,83,83,81,81,81,81,75,87,87,87,84,88,84,84,81,92,94,102,100,85,87,85,92,99,99,90,91,91,95,100,99,100,100,100,100,100,98,95,100,97,99,99,99,98,104,100,100,99,104,104,118,129,126,142,156,155,166,195,169,168,176,177,187,187,199,203,208,206,208,208,208,209,203,208,205,205,205,205,205,201,198,200,195,195,195,195,193,193,185,184,184,184,176,171,176,169,0,0,0,0,0,0,0,0,0,0,0,0,0,0,0,0,0,0,0,0,0,0,0,0,0,0,0,0,0,0,0
0,0,0,0,0,0,0,0,0,0,0,45,53,54,53,45,51,53,51,48,48,52,54,54,54,54,54,56,56,54,54,55,56,55,56,55,58,59,58,61,61,59,61,61,56,58,61,56,56,58,61,61,58,58,58,58,56,58,58,57,58,58,57,61,61,61,59,59,59,71,81,81,81,80,81,75,77,81,81,80,80,83,83,83,81,81,81,81,81,82,81,87,84,85,80,88,85,82,75,87,91,84,85,84,84,84,81,84,90,88,88,81,92,86,95,99,99,98,95,100,100,92,98,108,106,95,99,104,99,117,98,97,97,99,100,97,101,99,99,97,95,109,99,99,100,127,129,127,147,174,151,190,162,100,185,201,189,173,204,201,208,208,209,209,207,201,201,204,201,208,197,195,193,189,193,178,178,193,187,172,176,155,176,175,163,160,149,152,0,0,0,0,0,0,0,0,0,0,0,0,0,0,0,0,0,0,0,0,0,0,0,0,0,0,0,0,0,0,0
0,0,0,0,0,0,0,0,0,0,0,47,45,45,53,43,59,54,48,48,56,53,53,55,53,58,58,59,58,58,58,58,58,54,54,54,58,58,58,58,58,57,58,54,59,58,58,57,56,56,58,53,54,54,53,53,54,48,53,53,48,50,58,50,56,59,56,58,59,61,58,61,66,66,82,93,75,81,77,75,81,81,81,81,82,82,81,81,81,82,85,85,85,81,85,82,82,75,81,88,91,90,84,84,84,84,81,87,92,91,91,99,91,92,90,94,99,95,94,95,92,98,91,102,108,95,95,95,99,98,95,100,92,100,95,99,95,100,95,99,101,99,107,100,100,100,109,129,110,127,157,142,147,177,176,177,176,178,194,185,198,195,201,201,205,205,204,200,191,205,197,189,193,193,184,184,176,184,176,156,162,160,158,168,156,156,152,153,0,0,0,0,0,0,0,0,0,0,0,0,0,0,0,0,0,0,0,0,0,0,0,0,0,0,0,0,0,0,0
0,0,0,0,0,0,0,0,0,0,0,44,37,37,44,45,45,53,55,55,61,55,52,48,48,48,54,53,53,54,54,51,54,53,53,54,50,54,54,50,50,50,57,54,57,54,50,49,56,48,49,58,48,48,50,50,58,49,48,54,49,57,57,49,49,49,49,50,50,57,57,49,58,57,60,65,64,66,65,82,75,75,82,82,82,81,81,81,81,85,81,81,81,81,87,84,85,82,82,86,87,94,86,86,87,86,88,91,91,84,88,84,94,91,88,86,88,94,91,100,100,91,92,94,95,95,99,91,95,99,98,98,98,95,97,101,94,96,101,101,96,97,100,99,100,100,96,104,102,129,115,137,174,135,153,177,178,177,177,184,184,195,195,195,200,201,200,200,198,195,198,193,195,186,176,175,160,153,153,153,155,153,155,152,146,153,153,152,0,0,0,0,0,0,0,0,0,0,0,0,0,0,0,0,0,0,0,0,0,0,0,0,0,0,0,0,0,0,0
0,0,0,0,0,0,0,0,0,0,0,38,48,48,48,44,48,46,54,54,53,47,48,45,45,45,45,45,44,46,47,41,50,41,43,43,45,41,43,43,52,43,52,50,50,54,50,50,50,53,53,53,56,48,50,50,50,54,48,49,49,48,50,53,49,49,49,50,50,58,56,57,53,59,59,61,61,60,62,64,62,64,66,67,73,69,73,77,72,73,81,82,85,85,85,85,82,85,84,84,87,94,86,91,84,86,86,91,81,84,81,84,88,86,88,88,92,87,94,90,91,90,94,95,90,90,92,101,112,95,95,91,92,95,96,95,98,95,98,95,97,97,95,95,98,117,99,100,100,100,109,130,133,143,140,167,145,182,176,185,177,178,176,177,182,182,182,178,178,185,184,176,175,186,163,160,160,153,160,162,156,152,149,146,153,149,153,153,0,0,0,0,0,0,0,0,0,0,0,0,0,0,0,0,0,0,0,0,0,0,0,0,0,0,0,0,0,0,0
0,0,0,0,0,0,0,0,0,0,0,44,44,44,44,44,48,47,46,46,47,46,45,45,45,45,45,46,45,41,53,47,47,47,53,51,51,38,50,48,48,48,41,50,44,44,51,52,43,43,43,43,52,52,52,54,50,50,50,48,48,48,49,49,49,49,49,53,53,56,58,54,53,53,50,59,55,61,61,59,59,61,61,60,61,62,72,66,65,75,73,73,80,82,87,82,82,82,85,84,85,85,86,85,86,86,87,91,97,84,84,91,88,86,88,86,86,87,92,98,95,90,90,90,90,90,92,97,99,95,95,95,95,91,95,99,95,98,95,100,97,97,96,98,97,99,96,106,100,100,102,112,101,112,120,110,127,142,127,154,117,149,169,163,157,157,165,160,165,157,153,153,149,160,164,160,151,160,153,162,153,152,158,146,155,153,153,153,0,0,0,0,0,0,0,0,0,0,0,0,0,0,0,0,0,0,0,0,0,0,0,0,0,0,0,0,0,0,0
0,0,0,0,0,0,0,0,0,0,0,47,47,47,45,44,37,45,45,45,45,45,44,44,44,44,44,45,45,45,38,37,36,36,48,38,38,48,38,48,50,50,41,41,53,52,50,50,50,53,50,48,48,53,53,53,48,53,53,53,53,53,53,53,54,59,58,50,50,56,56,58,53,53,57,52,55,59,55,55,61,65,66,66,66,62,74,66,75,77,75,75,73,80,82,82,82,86,85,85,86,85,85,85,84,82,82,85,81,94,94,85,88,94,86,88,86,88,95,94,94,94,97,98,98,94,94,95,93,95,94,93,92,92,97,99,99,98,99,95,95,100,96,95,98,97,99,99,99,104,96,95,100,107,98,130,97,121,113,116,111,116,146,135,147,147,146,127,160,160,146,153,152,157,152,153,153,153,144,153,151,146,146,146,145,149,146,151,0,0,0,0,0,0,0,0,0,0,0,0,0,0,0,0,0,0,0,0,0,0,0,0,0,0,0,0,0,0,0
0,0,0,0,0,0,0,0,0,0,0,36,45,45,37,45,39,45,44,47,48,48,44,44,45,38,38,48,45,44,50,48,37,37,48,48,38,37,48,49,48,48,43,52,52,50,50,50,54,56,54,54,54,54,58,57,58,59,56,56,57,57,56,61,56,57,49,59,58,58,57,56,56,57,58,59,58,55,55,56,59,61,61,59,66,73,66,66,73,59,64,82,66,75,82,81,81,84,82,87,85,85,85,85,84,84,82,84,84,84,84,85,87,85,92,87,84,87,89,89,86,88,95,95,94,91,92,94,94,94,95,92,93,98,95,94,95,92,91,91,97,98,100,95,90,96,90,97,99,96,105,95,93,97,97,108,108,114,109,107,114,115,107,110,123,122,146,135,133,135,143,127,136,153,135,146,147,147,147,149,153,153,153,146,151,149,149,141,0,0,0,0,0,0,0,0,0,0,0,0,0,0,0,0,0,0,0,0,0,0,0,0,0,0,0,0,0,0,0
0,0,0,0,0,0,0,0,0,0,0,38,38,38,38,43,40,39,38,58,58,56,47,46,44,44,48,48,46,48,48,50,50,50,50,53,51,44,44,44,44,52,53,50,53,50,54,53,57,57,57,57,58,59,57,58,58,58,61,61,58,58,59,58,58,56,56,58,56,56,57,56,61,61,61,61,59,53,55,54,59,56,56,59,61,61,59,61,82,73,62,62,62,72,74,81,73,73,75,75,82,73,81,82,81,81,73,81,81,81,87,88,87,88,85,82,88,91,88,96,91,96,91,88,94,91,94,99,92,92,95,97,99,99,98,99,95,99,99,99,95,95,97,97,99,99,95,96,100,97,95,85,96,97,100,96,97,94,97,110,117,94,111,125,135,121,134,121,135,134,153,153,143,151,134,135,147,134,147,149,134,137,137,137,137,149,132,141,0,0,0,0,0,0,0,0,0,0,0,0,0,0,0,0,0,0,0,0,0,0,0,0,0,0,0,0,0,0,0
0,0,0,0,0,0,0,0,0,0,0,33,26,26,27,44,38,38,45,50,48,58,54,51,54,50,49,45,49,54,54,54,58,58,58,58,58,54,58,54,54,54,54,58,58,58,58,57,59,58,59,57,58,61,59,61,59,59,59,59,61,56,56,58,58,59,50,50,57,56,56,56,50,56,56,59,56,58,56,55,56,61,61,61,61,61,58,58,59,59,59,61,75,72,72,69,65,62,62,62,67,79,66,73,79,75,75,75,73,74,74,74,74,81,81,87,87,96,86,87,91,87,92,88,91,88,91,91,94,99,98,97,101,99,98,98,99,99,100,108,104,99,99,99,105,101,104,99,99,98,98,95,96,96,98,96,97,95,97,93,95,88,100,107,114,119,120,146,132,122,146,147,146,133,131,131,135,146,146,134,151,149,134,134,134,153,134,134,0,0,0,0,0,0,0,0,0,0,0,0,0,0,0,0,0,0,0,0,0,0,0,0,0,0,0,0,0,0,0
0,0,0,0,0,0,0,0,0,0,0,40,32,39,39,25,37,37,47,37,53,48,53,48,56,56,56,61,53,58,58,58,58,58,56,57,59,59,57,57,59,59,59,54,58,58,59,57,57,59,59,61,61,58,58,56,58,57,57,57,58,59,58,56,59,53,53,53,53,53,53,53,53,53,50,50,57,57,55,55,57,56,61,55,61,59,61,59,57,61,59,59,59,59,59,59,59,59,59,59,59,72,69,65,67,64,65,75,80,72,74,74,73,73,81,87,96,87,92,88,88,85,85,94,92,88,92,92,92,91,97,97,99,95,100,109,101,130,95,100,109,100,100,108,107,95,111,108,106,100,99,99,99,99,85,93,95,97,95,96,91,96,97,97,109,107,118,120,116,114,107,120,120,121,125,127,127,134,134,127,134,136,136,134,134,146,134,142,0,0,0,0,0,0,0,0,0,0,0,0,0,0,0,0,0,0,0,0,0,0,0,0,0,0,0,0,0,0,0
0,0,0,0,0,0,0,0,0,0,0,37,50,50,48,42,45,42,51,50,48,51,54,51,51,54,54,53,53,53,53,53,59,59,58,59,61,61,61,61,61,61,56,58,61,61,61,61,61,54,52,58,57,58,56,56,56,56,57,57,56,57,56,56,56,56,56,56,50,53,53,53,53,53,50,50,50,55,55,54,54,55,55,54,54,54,55,54,56,56,59,59,56,59,59,59,56,58,59,59,59,59,59,72,74,64,65,80,84,81,84,84,88,87,91,91,85,91,87,87,85,88,96,89,89,92,86,92,94,89,99,92,95,99,94,95,97,97,100,95,100,97,99,118,108,110,109,100,104,106,99,95,100,99,97,96,96,95,97,95,95,95,85,97,97,95,93,95,111,107,113,113,114,109,116,108,110,110,140,134,131,131,146,134,131,141,141,112,0,0,0,0,0,0,0,0,0,0,0,0,0,0,0,0,0,0,0,0,0,0,0,0,0,0,0,0,0,0,0
0,0,0,0,0,0,0,0,0,0,0,45,53,53,52,50,54,53,54,54,51,50,44,51,54,51,51,54,58,58,58,54,58,58,58,58,58,58,59,57,57,61,62,61,61,59,59,54,54,58,56,57,56,56,56,56,50,56,53,48,48,56,59,48,49,48,48,48,53,53,53,53,53,53,55,54,57,54,54,54,54,54,54,54,54,54,57,54,59,54,54,59,56,55,59,54,54,54,56,56,57,58,59,59,67,69,63,72,75,73,73,81,73,91,87,88,85,87,87,91,85,91,91,91,86,86,86,94,94,97,90,90,94,94,100,95,99,95,98,100,95,118,103,98,98,95,99,100,95,95,99,99,97,99,98,95,88,96,96,97,97,82,82,82,86,99,95,99,95,95,92,93,100,102,101,105,101,104,108,111,109,104,113,114,115,115,106,113,0,0,0,0,0,0,0,0,0,0,0,0,0,0,0,0,0,0,0,0,0,0,0,0,0,0,0,0,0,0,0
0,0,0,0,0,0,0,0,0,0,0,48,46,44,46,53,51,51,50,50,54,53,48,44,49,51,51,48,54,49,54,54,54,54,54,54,54,50,50,50,54,54,56,56,54,56,56,50,50,44,48,53,57,53,56,50,53,53,53,50,50,53,53,55,55,56,56,56,56,50,56,56,56,49,56,57,57,57,54,54,54,54,54,54,54,54,57,57,55,57,57,59,59,59,59,57,59,56,59,56,56,58,59,59,67,66,66,63,75,75,75,73,85,81,75,81,84,87,87,91,91,91,96,94,88,91,91,94,95,88,90,90,95,99,95,94,94,92,94,95,94,91,101,99,99,98,97,100,96,97,97,97,95,98,96,95,96,97,97,96,96,95,95,95,98,98,85,90,97,96,95,93,94,92,92,102,93,97,97,98,97,106,106,109,101,101,102,101,0,0,0,0,0,0,0,0,0,0,0,0,0,0,0,0,0,0,0,0,0,0,0,0,0,0,0,0,0,0,0
0,0,0,0,0,0,0,0,0,0,0,44,44,46,45,45,44,53,44,44,44,44,44,52,48,48,48,48,48,48,50,53,50,50,50,49,51,51,44,54,54,53,54,54,50,50,50,48,50,48,52,50,53,53,53,53,53,53,53,56,56,56,56,56,56,53,53,53,53,53,55,55,58,55,55,56,55,55,54,54,52,54,54,54,54,54,54,52,53,54,54,54,57,59,57,59,59,59,59,56,58,59,59,59,59,60,60,63,66,65,73,82,74,75,87,73,73,86,86,81,84,88,88,91,91,96,91,92,94,94,94,88,94,100,94,97,92,93,94,94,95,97,93,93,97,97,92,100,99,99,99,97,100,98,95,97,96,95,96,95,97,85,88,97,95,98,99,90,90,86,95,95,94,91,82,92,92,94,93,92,92,92,92,102,92,92,92,92,0,0,0,0,0,0,0,0,0,0,0,0,0,0,0,0,0,0,0,0,0,0,0,0,0,0,0,0,0,0,0
0,0,0,0,0,0,0,0,0,0,0,48,48,45,45,45,44,45,44,44,44,45,44,45,44,44,44,46,53,49,51,45,54,43,41,41,41,53,54,53,58,57,57,57,59,56,56,59,61,58,58,57,56,59,59,59,61,61,57,58,57,56,52,53,52,53,50,50,53,53,57,53,54,54,54,57,56,54,53,50,54,54,54,54,54,54,54,54,52,52,54,53,54,54,54,54,58,56,58,56,56,56,56,55,56,56,56,59,58,60,59,69,63,65,69,81,86,73,85,82,85,81,81,82,88,87,87,86,87,87,87,97,87,86,86,91,86,91,97,87,94,94,94,99,98,97,97,97,97,95,93,98,97,95,93,96,97,95,97,88,97,97,86,86,96,95,98,85,78,94,76,78,94,94,94,96,94,90,94,78,78,78,95,95,90,90,89,81,0,0,0,0,0,0,0,0,0,0,0,0,0,0,0,0,0,0,0,0,0,0,0,0,0,0,0,0,0,0,0
0,0,0,0,0,0,0,0,0,0,0,50,45,50,50,50,51,44,44,45,44,46,50,44,46,45,44,44,44,45,50,49,50,54,54,58,58,54,57,58,57,54,54,53,53,57,57,57,59,58,59,61,61,59,58,61,57,58,56,56,59,56,58,53,53,50,53,53,53,51,51,54,54,55,56,56,57,57,57,53,57,54,59,54,57,52,54,52,52,54,57,57,57,54,58,57,57,54,59,56,56,57,57,57,56,56,59,58,58,59,59,59,67,69,72,72,65,86,87,73,80,91,73,85,87,88,82,87,86,86,87,87,86,88,87,87,87,87,80,81,89,88,97,97,95,95,99,94,99,96,98,94,95,96,97,96,97,95,95,97,87,95,85,86,97,86,95,86,90,78,78,78,78,85,94,78,94,94,88,90,95,86,95,95,85,78,85,86,0,0,0,0,0,0,0,0,0,0,0,0,0,0,0,0,0,0,0,0,0,0,0,0,0,0,0,0,0,0,0
0,0,0,0,0,0,0,0,0,0,0,36,38,37,38,36,44,44,36,50,45,44,37,44,50,44,51,47,45,50,45,44,50,46,53,56,46,53,53,56,57,57,56,58,56,56,56,56,56,57,58,59,58,57,56,57,57,56,56,56,56,55,53,56,58,53,51,53,53,56,54,56,55,54,57,57,59,57,57,57,57,56,61,59,57,59,57,56,59,59,59,56,56,56,57,56,59,57,56,59,56,56,56,56,59,56,56,59,58,59,58,59,59,60,63,63,63,66,73,63,80,81,88,87,73,73,86,85,85,87,87,87,87,87,87,87,87,86,82,82,86,81,87,91,94,86,94,92,95,95,85,97,95,95,96,85,95,85,97,96,97,95,95,95,96,95,86,95,95,95,78,85,75,76,76,74,92,78,75,94,80,94,86,86,89,80,80,80,0,0,0,0,0,0,0,0,0,0,0,0,0,0,0,0,0,0,0,0,0,0,0,0,0,0,0,0,0,0,0
0,0,0,0,0,0,0,0,0,0,0,26,26,26,26,44,45,44,44,44,45,44,48,46,44,49,49,53,53,53,50,43,50,46,56,56,56,54,56,53,57,57,57,57,57,56,56,57,56,56,58,58,58,54,58,58,56,56,59,53,53,56,56,56,56,56,56,55,56,54,56,56,54,54,54,55,50,50,56,56,56,61,59,61,59,57,57,59,59,59,59,59,56,59,56,59,56,56,58,58,58,59,59,58,58,59,59,59,59,60,59,59,59,66,67,67,67,63,63,69,82,73,63,63,82,90,63,73,87,87,91,91,89,91,89,86,94,87,97,94,92,94,94,94,94,72,72,86,93,93,88,95,95,99,95,85,85,97,97,95,99,97,97,95,85,95,96,94,97,94,94,94,90,95,94,76,76,94,75,91,94,94,97,78,77,76,75,75,0,0,0,0,0,0,0,0,0,0,0,0,0,0,0,0,0,0,0,0,0,0,0,0,0,0,0,0,0,0,0
0,0,0,0,0,0,0,0,0,0,0,38,42,38,44,44,44,46,44,44,38,44,45,38,41,41,34,34,34,43,50,48,50,53,45,46,53,51,50,53,53,53,57,53,57,57,57,56,57,56,56,57,58,56,57,56,53,48,50,56,50,50,50,50,50,50,50,50,50,53,50,53,50,50,54,50,50,53,53,50,50,50,54,57,54,55,54,55,55,55,56,56,56,56,57,56,56,56,59,56,56,56,56,59,58,59,59,59,59,59,59,59,59,60,60,67,67,63,63,72,63,63,63,63,73,73,80,75,63,63,75,80,86,80,87,87,91,87,87,91,91,91,97,94,82,82,91,72,88,72,96,91,77,94,98,95,97,95,96,85,85,99,95,95,97,95,91,95,90,91,91,91,76,94,94,78,78,94,94,90,94,90,89,94,86,86,94,78,0,0,0,0,0,0,0,0,0,0,0,0,0,0,0,0,0,0,0,0,0,0,0,0,0,0,0,0,0,0,0
0,0,0,0,0,0,0,0,0,0,0,45,37,37,44,42,34,38,37,37,37,48,42,44,31,31,35,37,32,32,38,53,51,50,53,53,48,50,50,56,56,56,50,50,57,53,55,58,58,57,57,57,57,55,57,53,48,53,53,53,56,53,50,50,49,53,52,49,53,49,48,48,49,52,48,49,53,50,53,53,50,51,51,50,54,54,52,50,53,50,54,54,54,54,52,56,54,54,57,56,54,56,57,57,56,59,59,59,58,59,60,60,59,60,60,60,63,63,63,82,73,63,63,82,91,91,63,71,82,80,80,79,87,87,86,91,87,91,97,91,91,87,91,86,91,82,91,78,88,97,99,96,87,95,87,94,74,74,95,95,94,95,95,85,94,78,74,99,98,95,81,94,75,73,74,76,95,94,90,92,92,92,87,78,86,89,97,94,0,0,0,0,0,0,0,0,0,0,0,0,0,0,0,0,0,0,0,0,0,0,0,0,0,0,0,0,0,0,0
0,0,0,0,0,0,0,0,0,0,0,44,38,32,42,44,42,37,37,37,37,38,38,36,48,37,37,32,37,32,38,38,44,44,44,43,49,50,48,50,53,50,54,54,56,56,54,54,56,57,57,59,59,58,58,59,59,58,57,58,58,61,56,56,56,58,50,53,53,49,49,48,49,52,50,50,51,53,53,50,53,53,53,52,52,52,53,53,53,53,53,53,53,54,53,54,52,52,54,53,53,54,54,54,59,54,54,57,56,59,58,58,58,58,59,58,59,60,59,59,59,60,59,67,63,63,66,73,73,73,73,71,79,71,80,79,87,87,80,86,87,91,86,86,97,90,97,92,87,94,90,90,91,91,91,93,94,94,94,95,94,94,74,62,74,62,63,63,74,63,63,62,62,62,61,63,63,65,61,62,62,62,63,62,69,63,62,65,0,0,0,0,0,0,0,0,0,0,0,0,0,0,0,0,0,0,0,0,0,0,0,0,0,0,0,0,0,0,0
0,0,0,0,0,0,0,0,0,0,0,37,38,35,39,35,39,38,38,37,37,37,37,48,37,48,37,34,39,38,42,42,42,44,50,44,49,41,52,45,54,50,50,53,50,56,56,56,54,56,57,59,61,61,61,72,57,77,80,80,73,72,59,57,54,53,50,49,49,49,48,52,48,48,50,50,43,43,43,43,43,43,43,50,49,50,50,54,50,50,52,53,53,54,57,54,57,52,52,52,52,52,53,53,52,53,54,54,58,54,57,57,57,58,58,58,56,56,59,59,59,59,60,60,60,66,63,64,66,66,66,66,75,77,77,75,70,71,63,87,86,80,80,87,86,87,86,94,87,78,90,85,91,94,91,89,74,74,62,62,63,63,62,62,62,62,61,61,61,61,61,61,61,61,62,62,62,62,62,62,62,62,62,61,62,62,70,69,0,0,0,0,0,0,0,0,0,0,0,0,0,0,0,0,0,0,0,0,0,0,0,0,0,0,0,0,0,0,0
0,0,0,0,0,0,0,0,0,0,0,38,38,35,38,35,39,38,38,38,38,38,38,37,39,37,38,37,38,42,44,44,45,44,44,44,48,44,51,52,51,48,51,52,52,53,53,51,56,50,48,54,54,56,59,56,59,59,58,72,58,58,56,56,57,61,54,61,50,53,52,49,49,48,49,43,43,43,49,42,50,50,43,43,43,43,49,50,50,52,52,53,54,54,53,53,54,54,53,54,54,54,52,52,52,53,54,54,57,57,57,58,57,58,58,56,59,58,59,59,59,60,60,60,63,66,67,64,67,67,64,67,63,64,73,71,71,70,71,71,71,75,75,63,71,63,63,63,63,86,61,61,62,62,62,62,62,61,61,61,61,61,62,62,62,62,62,62,62,62,62,62,62,62,62,62,62,62,62,62,63,90,81,86,68,63,62,62,0,0,0,0,0,0,0,0,0,0,0,0,0,0,0,0,0,0,0,0,0,0,0,0,0,0,0,0,0,0,0
0,0,0,0,0,0,0,0,0,0,0,37,35,38,37,37,37,37,37,37,37,36,38,38,37,37,38,39,38,38,45,44,44,44,42,48,48,51,48,48,51,51,48,52,52,53,53,53,58,49,53,58,50,50,58,57,53,56,56,59,59,59,57,60,57,58,56,51,52,51,49,50,50,48,43,43,43,48,49,40,43,50,50,50,43,50,50,50,50,49,53,52,53,53,53,53,54,53,53,53,53,54,54,54,54,52,54,54,56,56,56,59,57,56,56,58,58,56,58,59,59,59,59,59,59,64,67,66,64,64,64,63,62,64,64,64,64,65,68,68,63,63,68,65,62,61,76,61,61,61,61,61,61,61,61,61,61,61,61,61,61,61,61,61,60,59,61,61,61,61,61,61,61,61,61,61,60,60,60,60,62,62,60,60,60,61,61,62,0,0,0,0,0,0,0,0,0,0,0,0,0,0,0,0,0,0,0,0,0,0,0,0,0,0,0,0,0,0,0
0,0,0,0,0,0,0,0,0,0,0,39,39,39,37,45,44,38,38,38,38,42,37,47,42,48,44,42,44,38,47,44,44,42,38,33,42,37,42,42,42,44,44,44,44,44,37,37,43,42,54,54,53,53,53,52,53,56,52,61,59,59,56,56,61,57,49,52,56,57,52,57,51,53,49,52,50,50,49,53,48,51,48,50,49,50,50,50,50,50,50,50,53,54,53,54,52,52,52,52,53,53,54,54,53,54,54,54,54,54,56,57,56,56,56,59,58,56,58,59,59,60,59,63,60,63,66,91,91,73,75,66,66,66,69,69,86,86,71,69,71,65,71,65,63,63,63,63,63,63,61,61,61,61,61,61,61,61,61,61,61,61,61,61,61,61,61,60,60,61,60,60,60,60,60,60,60,61,60,58,58,58,58,58,55,55,55,55,0,0,0,0,0,0,0,0,0,0,0,0,0,0,0,0,0,0,0,0,0,0,0,0,0,0,0,0,0,0,0
0,0,0,0,0,0,0,0,0,0,0,43,43,37,38,38,35,38,38,38,36,38,32,50,50,50,37,38,39,38,38,37,39,44,37,38,37,37,44,37,42,43,42,44,42,42,44,44,43,41,54,54,53,48,53,53,53,50,56,53,56,56,57,58,56,58,54,57,56,56,53,54,54,53,50,53,54,50,53,53,50,51,50,50,50,50,50,50,50,50,52,49,50,50,54,53,53,53,53,52,52,52,53,53,53,54,54,54,56,56,56,57,56,59,56,56,56,56,59,59,59,59,59,59,59,59,67,91,67,64,67,64,66,64,64,71,63,69,69,69,65,76,65,65,69,63,63,63,86,86,62,65,63,63,62,62,62,62,62,63,62,63,63,63,62,62,62,62,61,61,61,61,60,58,57,57,57,57,57,57,56,57,60,60,55,55,61,55,0,0,0,0,0,0,0,0,0,0,0,0,0,0,0,0,0,0,0,0,0,0,0,0,0,0,0,0,0,0,0
0,0,0,0,0,0,0,0,0,0,0,39,39,38,38,39,39,37,38,38,38,35,38,34,43,37,37,38,37,34,38,38,37,38,37,37,38,37,42,37,42,42,34,37,47,37,44,44,42,44,51,51,51,52,49,54,54,48,48,53,53,54,56,53,56,53,54,56,56,56,56,50,54,53,53,51,53,53,53,53,54,54,52,48,48,50,50,50,49,50,50,50,53,53,54,49,49,52,52,52,52,52,52,52,54,52,54,54,54,56,56,59,56,58,56,57,57,57,58,58,59,59,59,59,59,59,59,59,59,59,59,59,59,59,59,60,61,61,58,58,58,58,58,56,58,61,63,65,77,75,72,72,91,94,94,95,89,95,94,90,95,96,85,97,90,94,94,90,92,92,73,63,62,61,58,57,57,57,57,60,57,60,60,60,60,60,57,57,0,0,0,0,0,0,0,0,0,0,0,0,0,0,0,0,0,0,0,0,0,0,0,0,0,0,0,0,0,0,0
0,0,0,0,0,0,0,0,0,0,0,37,37,37,37,37,48,47,45,37,37,37,37,37,48,34,37,37,37,37,34,37,34,37,34,34,42,34,34,34,41,37,41,37,44,37,36,36,43,41,37,50,37,51,52,52,50,54,42,50,53,53,53,53,50,49,50,53,54,53,56,50,51,50,53,53,53,53,50,50,54,50,50,50,48,50,49,50,50,53,50,50,50,49,49,50,50,52,50,50,52,52,52,52,53,54,54,52,53,52,53,53,52,56,56,56,56,56,56,56,58,58,58,58,58,59,56,56,54,56,56,56,56,56,56,58,58,58,58,58,57,57,57,57,58,75,68,69,91,91,94,98,97,88,93,122,157,155,132,122,158,137,135,180,183,93,95,62,91,94,92,73,62,61,60,60,58,60,58,60,60,60,60,60,60,58,58,57,0,0,0,0,0,0,0,0,0,0,0,0,0,0,0,0,0,0,0,0,0,0,0,0,0,0,0,0,0,0,0
0,0,0,0,0,0,0,0,0,0,0,38,38,44,44,38,35,35,38,32,32,32,32,32,36,36,34,37,37,37,35,37,37,37,37,42,37,37,38,42,37,37,37,37,44,37,44,37,43,34,50,44,44,45,46,46,34,48,54,43,48,48,49,53,50,48,56,50,53,53,50,53,53,53,53,53,50,53,53,53,49,50,50,50,43,43,43,43,43,49,49,49,50,50,50,50,52,52,50,50,52,52,52,52,52,52,52,52,52,52,52,54,52,52,53,54,54,54,54,56,56,54,54,54,56,56,56,53,53,53,54,54,54,59,56,58,58,58,58,58,58,58,69,82,86,91,91,98,91,95,94,95,108,118,195,158,156,134,146,150,149,150,132,156,165,119,95,61,48,95,82,90,73,61,61,60,57,56,53,50,47,53,47,44,60,45,44,45,0,0,0,0,0,0,0,0,0,0,0,0,0,0,0,0,0,0,0,0,0,0,0,0,0,0,0,0,0,0,0
0,0,0,0,0,0,0,0,0,0,0,34,39,36,32,38,36,36,32,34,33,36,32,32,32,32,36,38,38,36,35,35,35,37,42,49,38,42,42,37,37,37,37,37,43,44,43,44,37,37,43,43,43,50,43,45,34,34,45,43,50,52,51,53,53,53,49,49,50,48,53,50,50,51,53,50,49,50,50,50,49,43,50,50,46,49,43,46,40,43,43,43,43,43,46,46,50,50,50,50,50,50,50,52,52,52,52,53,52,56,53,52,53,54,56,56,56,56,54,59,59,59,59,59,59,59,56,56,56,56,58,59,58,54,58,61,61,62,62,86,71,75,77,74,91,85,92,97,119,132,122,190,150,166,132,164,165,167,168,168,170,170,165,160,149,119,111,115,111,112,87,75,78,74,55,58,60,61,56,57,58,54,56,54,53,54,53,50,0,0,0,0,0,0,0,0,0,0,0,0,0,0,0,0,0,0,0,0,0,0,0,0,0,0,0,0,0,0,0
0,0,0,0,0,0,0,0,0,0,0,32,36,32,35,23,33,33,33,32,32,37,37,29,29,29,36,35,35,37,36,35,35,35,35,36,41,36,44,41,41,37,37,37,37,37,36,37,37,37,41,37,41,37,50,50,34,37,52,45,52,45,50,55,56,53,48,53,49,53,56,53,53,71,75,56,53,52,50,54,53,53,50,53,50,50,48,49,43,43,43,46,46,46,49,49,50,50,50,50,50,50,50,50,53,52,52,52,53,52,54,53,53,56,54,54,54,56,56,56,59,59,59,59,63,60,59,60,67,77,87,87,80,73,82,82,90,92,95,99,114,122,128,130,133,136,140,136,140,198,134,147,168,179,168,175,178,180,180,180,184,179,179,173,150,156,136,175,155,109,108,114,99,92,91,74,62,54,57,57,56,56,53,53,58,53,50,45,0,0,0,0,0,0,0,0,0,0,0,0,0,0,0,0,0,0,0,0,0,0,0,0,0,0,0,0,0,0,0
0,0,0,0,0,0,0,0,0,0,0,20,37,23,32,36,32,32,36,36,35,34,34,34,35,35,35,35,35,35,33,33,41,36,47,41,37,37,37,37,37,37,37,37,37,37,35,37,34,37,37,50,46,46,45,45,45,45,43,45,43,50,43,48,48,49,52,49,56,58,52,53,61,80,83,82,80,50,56,52,54,53,53,52,50,49,49,46,49,46,49,43,43,49,46,49,49,49,50,50,50,50,49,50,54,52,52,52,52,52,52,52,54,53,56,54,54,56,59,63,73,86,86,82,78,85,83,88,119,107,119,120,118,152,148,148,165,143,157,170,162,170,187,182,182,184,184,198,148,167,150,179,183,195,185,186,182,187,197,182,179,180,180,179,176,156,139,172,124,164,156,156,118,112,95,79,90,94,75,74,73,63,64,62,62,62,62,60,0,0,0,0,0,0,0,0,0,0,0,0,0,0,0,0,0,0,0,0,0,0,0,0,0,0,0,0,0,0,0
0,0,0,0,0,0,0,0,0,0,0,37,37,29,37,32,32,37,37,35,35,36,37,37,36,36,35,32,35,34,36,38,36,37,36,38,36,36,36,36,35,35,35,35,44,43,43,37,44,37,37,37,36,36,36,36,36,37,43,50,50,45,45,51,49,50,48,43,49,50,53,49,57,56,56,54,51,51,53,54,50,54,50,50,48,49,49,49,49,49,43,43,49,49,43,49,50,50,50,50,49,50,52,52,52,52,52,52,52,53,56,54,56,56,76,75,78,82,91,98,130,160,116,165,165,157,162,165,160,181,181,196,182,186,179,184,190,190,192,189,185,189,192,179,199,199,196,167,195,184,186,185,185,194,194,199,199,199,199,184,182,182,182,179,179,177,177,171,133,187,164,177,164,165,164,168,154,168,172,130,88,91,75,120,100,89,69,69,0,0,0,0,0,0,0,0,0,0,0,0,0,0,0,0,0,0,0,0,0,0,0,0,0,0,0,0,0,0,0
0,0,0,0,0,0,0,0,0,0,0,37,32,29,32,33,37,36,36,35,35,35,35,35,36,35,37,35,35,35,35,36,36,37,36,36,35,35,36,32,32,35,32,35,35,37,35,35,37,37,36,44,37,43,42,36,34,34,46,43,45,51,45,50,50,50,53,49,50,49,48,53,51,53,50,53,53,54,53,53,54,53,54,49,49,48,49,48,49,49,49,43,49,49,49,49,50,50,50,50,50,50,50,50,50,52,52,53,56,56,54,56,54,64,77,82,90,160,95,128,180,129,184,189,152,184,196,189,185,196,185,198,197,184,195,195,198,195,199,198,184,186,185,185,185,186,190,193,194,198,199,199,199,198,200,200,200,200,193,191,184,182,184,182,187,182,195,195,179,183,136,166,167,176,177,179,178,177,177,169,166,149,147,173,146,165,160,139,0,0,0,0,0,0,0,0,0,0,0,0,0,0,0,0,0,0,0,0,0,0,0,0,0,0,0,0,0,0,0
0,0,0,0,0,0,0,0,0,0,0,32,32,37,37,35,35,35,35,36,36,36,34,36,36,37,37,37,36,36,35,36,37,35,36,35,36,35,35,32,35,35,35,35,35,43,43,37,44,46,37,35,37,37,34,37,34,43,41,43,53,48,50,48,43,46,50,49,49,43,50,52,49,49,49,49,52,50,50,50,53,49,53,49,49,50,50,49,50,50,50,50,50,50,50,50,50,50,50,50,52,53,53,53,56,56,56,65,85,70,74,54,81,97,133,143,164,186,186,170,181,189,188,178,197,195,196,198,198,198,198,199,199,199,199,199,196,196,200,200,187,201,201,184,187,188,199,199,199,199,199,199,199,198,199,198,198,199,198,199,193,193,191,194,194,193,183,184,182,180,178,194,193,196,182,177,179,176,164,179,150,196,188,179,179,179,162,168,0,0,0,0,0,0,0,0,0,0,0,0,0,0,0,0,0,0,0,0,0,0,0,0,0,0,0,0,0,0,0
0,0,0,0,0,0,0,0,0,0,0,32,32,32,32,34,34,34,34,34,33,37,35,35,37,35,35,35,37,35,37,35,35,35,35,35,35,35,36,37,35,35,35,35,35,42,43,35,50,35,37,35,33,37,35,35,34,37,34,50,52,44,50,50,49,50,48,50,43,43,50,50,48,49,49,49,49,49,49,50,49,49,49,48,49,49,49,49,49,50,50,50,50,50,50,50,50,50,53,53,67,59,64,66,67,71,69,86,109,146,173,162,151,191,186,159,164,169,183,187,189,179,199,196,198,198,199,199,198,198,188,188,189,189,196,196,196,196,200,200,187,187,187,201,179,180,183,183,182,184,182,182,182,193,199,182,199,199,180,199,199,199,199,199,199,199,198,182,184,185,192,185,188,188,188,188,198,194,196,196,196,196,184,189,176,176,179,196,0,0,0,0,0,0,0,0,0,0,0,0,0,0,0,0,0,0,0,0,0,0,0,0,0,0,0,0,0,0,0
0,0,0,0,0,0,0,0,0,0,0,22,23,32,22,32,33,32,32,32,32,33,32,33,32,34,32,33,33,32,32,32,34,35,35,35,34,35,35,35,35,36,34,34,34,34,34,37,37,37,34,34,37,34,43,36,36,36,50,50,45,50,42,45,45,50,48,48,48,50,50,51,50,50,50,50,54,50,53,53,53,53,52,53,53,50,50,53,50,48,52,53,50,50,49,52,50,50,53,57,65,65,70,67,59,80,107,164,158,154,149,164,164,169,170,176,179,189,183,180,196,196,198,198,198,198,198,198,198,199,199,199,199,199,199,199,196,196,200,200,187,188,188,201,180,182,182,182,182,179,180,180,180,180,180,179,182,182,199,180,199,199,199,199,199,198,198,182,182,184,192,183,184,185,185,187,185,194,189,189,190,190,190,190,190,191,191,191,0,0,0,0,0,0,0,0,0,0,0,0,0,0,0,0,0,0,0,0,0,0,0,0,0,0,0,0,0,0,0
0,0,0,0,0,0,0,0,0,0,0,12,23,23,25,29,23,32,32,35,23,23,32,33,32,33,33,33,35,35,35,35,36,36,36,37,36,36,37,37,37,36,37,36,36,36,37,37,34,37,37,43,43,46,43,42,37,50,46,50,50,50,42,50,45,46,50,53,50,53,50,49,49,49,53,53,56,56,54,54,56,56,48,54,56,54,54,53,53,53,53,53,53,50,50,50,50,52,54,54,56,68,66,80,86,96,186,156,148,135,94,167,170,178,183,186,190,193,196,196,197,198,198,198,198,198,198,198,198,198,198,198,199,199,199,199,196,196,196,196,188,188,188,201,182,182,179,179,180,180,181,182,182,182,181,180,179,184,199,182,199,199,199,199,198,199,199,183,183,182,184,185,184,182,186,185,194,184,182,189,189,184,188,188,188,188,188,187,0,0,0,0,0,0,0,0,0,0,0,0,0,0,0,0,0,0,0,0,0,0,0,0,0,0,0,0,0,0,0
0,0,0,0,0,0,0,0,0,0,0,23,23,23,32,32,32,32,32,33,29,32,32,32,32,29,32,32,32,32,32,35,35,35,35,37,37,36,35,38,37,37,36,36,36,36,37,37,36,36,36,36,44,37,37,37,36,36,34,50,50,51,43,50,50,48,48,51,50,48,50,49,48,49,53,53,57,57,56,54,53,54,50,54,57,53,57,50,46,53,50,49,48,49,49,52,57,57,66,65,72,77,81,93,116,182,150,121,131,171,167,175,178,183,188,180,196,197,198,198,198,198,198,198,198,198,198,198,198,199,199,199,199,199,196,196,196,196,196,196,189,196,201,201,179,180,180,180,180,182,182,182,182,199,199,199,199,198,198,198,199,199,199,199,198,199,198,183,183,184,182,182,183,184,187,194,194,184,183,183,184,183,183,182,187,187,187,191,0,0,0,0,0,0,0,0,0,0,0,0,0,0,0,0,0,0,0,0,0,0,0,0,0,0,0,0,0,0,0
0,0,0,0,0,0,0,0,0,0,0,23,32,33,32,34,30,32,32,32,32,32,32,32,34,32,32,34,32,32,32,35,32,37,32,34,33,33,33,37,32,35,36,36,36,36,36,34,43,36,37,37,36,34,34,34,43,34,43,43,40,34,43,51,49,48,48,45,40,49,48,50,48,50,49,50,50,53,53,53,54,50,53,57,57,52,54,57,54,54,49,48,49,56,52,59,67,73,57,54,90,92,112,118,184,122,164,162,164,197,197,189,186,196,198,198,198,198,198,198,198,198,198,198,198,198,198,198,199,199,199,199,199,199,196,196,196,196,196,196,189,201,201,201,179,180,180,180,180,182,182,182,183,182,199,199,199,199,199,199,199,199,199,199,199,199,199,184,184,184,182,180,180,182,182,187,187,184,184,183,183,183,183,185,196,196,196,171,0,0,0,0,0,0,0,0,0,0,0,0,0,0,0,0,0,0,0,0,0,0,0,0,0,0,0,0,0,0,0
0,0,0,0,0,0,0,0,0,0,0,33,33,34,29,32,32,34,32,32,32,32,30,33,32,32,32,36,36,33,34,36,29,35,29,36,34,34,33,34,34,33,33,33,33,33,33,33,35,34,34,44,42,35,34,34,35,35,34,34,36,34,35,34,50,34,48,43,50,51,53,56,50,49,49,50,50,50,53,50,50,56,50,50,56,54,64,58,56,53,60,60,67,59,83,73,77,100,94,102,109,134,164,149,150,163,165,197,197,183,179,190,196,196,196,197,197,197,197,198,198,198,198,198,198,198,198,198,198,198,198,199,199,196,196,196,196,196,196,196,196,196,196,201,184,180,180,180,180,182,182,182,183,182,182,199,199,199,199,199,199,199,199,199,198,199,199,183,183,184,182,180,180,180,187,187,193,183,183,196,190,184,183,189,196,180,129,129,0,0,0,0,0,0,0,0,0,0,0,0,0,0,0,0,0,0,0,0,0,0,0,0,0,0,0,0,0,0,0
0,0,0,0,0,0,0,0,0,0,0,33,34,34,32,32,32,33,33,33,32,32,32,32,32,32,32,32,32,32,32,32,32,32,34,32,32,34,32,33,33,34,34,34,35,37,37,35,33,35,44,44,34,33,34,35,34,43,34,33,34,42,35,43,50,42,49,42,43,43,56,49,53,53,53,54,53,56,56,56,56,54,61,56,57,78,72,50,65,122,61,93,107,117,103,115,117,125,124,159,187,156,170,161,156,182,178,178,196,196,196,196,196,197,197,197,197,197,197,198,198,198,198,198,198,198,198,198,198,198,199,199,199,199,196,196,196,196,196,196,188,189,189,186,186,186,198,198,198,198,198,199,199,198,199,198,199,199,199,199,199,199,199,199,198,199,199,183,182,183,182,184,184,185,188,186,186,185,190,190,190,196,196,191,179,98,131,78,0,0,0,0,0,0,0,0,0,0,0,0,0,0,0,0,0,0,0,0,0,0,0,0,0,0,0,0,0,0,0
0,0,0,0,0,0,0,0,0,0,0,33,34,32,32,32,36,36,36,32,32,32,32,32,32,32,29,32,32,36,32,32,32,32,32,32,32,33,33,32,33,34,34,34,35,35,43,36,34,35,35,35,34,34,34,34,35,34,35,42,34,35,35,34,34,35,34,37,43,34,50,50,51,49,53,54,53,53,54,56,57,50,53,54,67,56,120,120,77,64,61,61,77,125,77,131,149,153,150,132,163,154,178,184,196,183,196,196,196,196,196,196,196,196,196,196,197,197,197,198,198,198,198,198,198,198,198,198,198,198,198,198,199,199,199,199,199,199,199,199,199,196,196,187,187,196,196,196,196,196,196,196,196,190,190,196,189,189,186,196,186,199,199,199,199,199,199,199,199,199,186,190,189,185,186,188,196,191,191,190,191,192,178,178,135,97,136,71,0,0,0,0,0,0,0,0,0,0,0,0,0,0,0,0,0,0,0,0,0,0,0,0,0,0,0,0,0,0,0
0,0,0,0,0,0,0,0,0,0,0,32,30,29,29,32,32,30,30,32,29,32,32,29,32,32,30,32,32,30,32,32,32,32,32,32,33,33,34,34,32,35,35,35,37,35,43,35,37,37,35,36,36,50,51,43,40,35,35,35,34,36,34,34,34,45,46,46,45,45,48,50,42,50,49,49,49,48,54,53,54,54,50,61,57,78,81,116,120,79,71,135,153,187,157,153,148,156,157,185,178,181,180,180,186,186,186,186,196,196,196,196,196,196,197,197,197,197,197,198,198,198,198,198,198,198,198,198,199,199,199,199,199,199,196,196,196,196,196,196,196,196,196,201,199,199,199,199,199,199,199,199,199,200,200,200,199,199,199,199,200,199,199,199,200,200,200,200,200,187,196,186,187,196,186,187,190,194,179,179,190,182,174,155,129,144,38,57,0,0,0,0,0,0,0,0,0,0,0,0,0,0,0,0,0,0,0,0,0,0,0,0,0,0,0,0,0,0,0
0,0,0,0,0,0,0,0,0,0,0,29,29,29,23,23,23,23,29,23,32,32,32,27,32,32,31,32,32,32,34,32,32,33,32,34,32,32,34,33,32,35,35,35,37,35,34,37,43,35,35,36,36,36,36,34,35,36,34,36,37,36,35,35,35,50,51,34,34,45,45,46,46,50,49,53,52,53,53,57,59,60,76,85,84,104,113,156,168,162,149,149,144,139,177,181,187,189,191,187,180,190,186,187,179,184,186,196,196,196,196,196,196,196,196,197,197,197,197,198,198,198,198,198,198,198,198,198,199,199,199,199,199,199,196,196,196,196,196,196,196,190,190,201,201,201,201,201,190,201,201,201,201,201,193,195,194,194,194,184,184,199,199,199,199,199,199,196,196,194,188,188,188,187,189,191,179,192,192,179,175,174,179,131,135,102,99,35,0,0,0,0,0,0,0,0,0,0,0,0,0,0,0,0,0,0,0,0,0,0,0,0,0,0,0,0,0,0,0
0,0,0,0,0,0,0,0,0,0,0,32,29,23,29,29,30,23,30,23,23,32,23,32,32,32,30,32,34,32,32,33,32,32,36,32,33,34,42,33,33,35,35,35,37,35,37,35,37,35,35,33,35,34,34,33,33,35,35,35,33,40,37,37,37,42,42,50,50,50,53,43,43,50,58,99,104,75,96,84,140,103,129,148,149,139,134,148,148,178,161,157,182,187,187,191,182,189,188,183,181,190,184,184,185,185,189,196,196,196,196,197,198,198,198,198,198,198,198,198,198,198,198,199,199,199,199,199,199,199,200,200,200,187,196,196,190,190,190,190,190,187,187,187,199,201,201,201,201,201,201,201,201,201,193,195,193,194,194,193,193,199,199,199,199,196,189,196,187,187,189,188,194,191,190,192,187,187,191,170,178,167,167,129,120,103,95,85,0,0,0,0,0,0,0,0,0,0,0,0,0,0,0,0,0,0,0,0,0,0,0,0,0,0,0,0,0,0,0
0,0,0,0,0,0,0,0,0,0,0,30,29,29,29,30,27,27,30,29,29,23,23,29,32,30,23,30,34,32,33,32,32,32,32,32,32,33,33,33,32,33,33,34,36,34,35,37,35,35,35,35,34,33,33,34,34,34,34,34,34,45,42,45,43,50,91,48,74,96,50,94,53,96,101,131,152,152,146,154,137,137,153,147,161,153,159,171,171,183,187,188,190,187,192,195,190,190,188,187,186,184,196,196,196,196,196,196,197,197,197,198,198,198,198,198,198,198,198,198,199,199,199,199,199,199,199,199,187,188,190,190,190,187,187,187,187,187,187,187,188,188,189,199,199,201,201,201,201,201,201,201,201,201,193,193,194,194,193,193,199,191,185,171,195,168,192,191,187,176,169,150,160,142,177,169,171,170,164,158,155,150,125,132,98,142,94,88,0,0,0,0,0,0,0,0,0,0,0,0,0,0,0,0,0,0,0,0,0,0,0,0,0,0,0,0,0,0,0
0,0,0,0,0,0,0,0,0,0,0,30,20,20,20,23,24,24,20,23,20,29,27,27,32,27,23,23,23,32,32,30,32,32,32,32,32,32,32,32,32,34,34,34,37,37,34,34,34,34,34,34,33,33,33,33,37,34,43,43,36,50,55,51,58,58,94,96,138,105,154,147,154,154,143,154,184,148,182,153,161,161,178,164,183,182,184,187,191,191,186,195,195,189,190,185,191,186,189,188,196,196,196,196,196,197,197,197,197,197,198,198,198,198,198,198,198,198,198,198,199,199,199,199,199,199,199,190,190,190,187,187,187,187,187,187,188,189,199,199,199,199,201,201,201,201,201,201,201,201,201,201,201,201,193,194,195,194,193,199,191,177,173,176,167,182,178,174,172,164,140,65,81,144,150,120,129,136,119,125,129,125,152,153,129,129,129,99,0,0,0,0,0,0,0,0,0,0,0,0,0,0,0,0,0,0,0,0,0,0,0,0,0,0,0,0,0,0,0
0,0,0,0,0,0,0,0,0,0,0,24,24,20,29,23,20,20,20,29,20,23,23,26,30,29,27,23,29,29,27,30,30,30,30,30,29,30,31,32,32,32,32,32,33,32,33,33,35,34,35,34,35,35,34,34,36,41,50,57,52,57,58,74,72,71,154,111,134,152,146,154,138,144,148,154,154,168,174,178,178,182,187,187,184,191,186,195,190,191,180,188,190,190,191,179,185,189,187,189,186,196,196,196,196,196,196,196,197,197,197,197,198,198,198,198,198,198,198,198,198,198,198,199,199,199,199,196,190,199,199,187,199,199,198,198,180,177,188,186,179,179,185,185,176,180,181,181,171,174,175,176,176,176,172,177,195,163,163,177,155,144,176,177,177,165,172,168,158,133,121,121,129,125,107,72,133,133,149,86,129,92,119,125,149,124,129,101,0,0,0,0,0,0,0,0,0,0,0,0,0,0,0,0,0,0,0,0,0,0,0,0,0,0,0,0,0,0,0
0,0,0,0,0,0,0,0,0,0,0,23,30,29,23,20,20,20,20,24,23,23,23,23,23,29,23,27,29,27,27,27,27,30,31,30,30,30,32,32,30,30,31,29,32,32,32,32,32,32,33,33,34,43,45,61,43,60,64,68,109,116,137,150,139,138,170,145,137,154,149,150,154,166,144,176,182,186,183,185,185,187,190,191,191,187,187,190,191,191,190,190,189,188,188,195,190,190,188,187,185,184,189,189,189,190,196,196,197,197,198,198,197,197,197,197,198,198,198,198,198,198,198,198,199,199,199,199,199,199,198,197,196,177,182,176,173,170,167,164,166,163,160,156,153,153,153,154,121,147,152,151,153,155,158,163,167,170,172,171,173,170,167,166,166,164,161,146,107,106,129,121,85,92,99,120,96,145,153,159,124,129,124,129,156,154,149,131,0,0,0,0,0,0,0,0,0,0,0,0,0,0,0,0,0,0,0,0,0,0,0,0,0,0,0,0,0,0,0
0,0,0,0,0,0,0,0,0,0,0,23,23,24,24,24,24,20,20,20,23,23,23,30,29,31,30,23,27,31,30,31,31,30,32,30,32,32,33,32,29,32,32,32,32,32,32,33,33,37,43,37,37,44,62,64,73,74,116,116,145,109,139,129,148,144,137,140,130,152,162,168,177,180,180,183,187,191,190,190,188,191,192,188,185,189,185,185,191,185,188,186,187,189,188,189,190,190,188,187,189,189,189,196,196,196,196,196,196,196,196,196,196,196,196,196,196,197,197,197,197,198,199,198,199,199,199,199,198,197,196,196,185,182,166,161,156,148,147,154,149,149,148,111,143,122,63,73,73,64,59,105,116,122,122,116,158,144,147,149,152,152,152,152,148,150,150,125,105,117,106,104,89,119,72,92,129,141,136,129,128,107,127,136,153,128,139,154,0,0,0,0,0,0,0,0,0,0,0,0,0,0,0,0,0,0,0,0,0,0,0,0,0,0,0,0,0,0,0
0,0,0,0,0,0,0,0,0,0,0,23,24,24,24,24,24,24,24,24,19,23,29,27,23,32,32,30,30,32,31,30,27,30,30,30,32,32,30,32,32,32,32,33,32,34,43,43,50,52,50,56,61,68,76,84,91,117,121,141,139,153,144,129,128,143,154,153,180,179,186,186,190,188,192,192,188,188,188,188,188,192,192,192,192,192,191,185,191,191,192,192,188,190,190,195,191,186,191,189,189,189,196,197,197,197,197,197,197,198,198,198,198,198,199,199,198,198,198,199,199,199,199,199,199,199,197,196,188,185,176,175,170,138,133,129,59,146,147,129,122,82,121,46,46,72,59,41,62,62,48,38,49,71,65,74,63,95,94,118,117,116,119,119,120,129,118,119,106,74,88,106,116,116,92,75,79,153,91,116,133,128,99,125,149,136,128,153,0,0,0,0,0,0,0,0,0,0,0,0,0,0,0,0,0,0,0,0,0,0,0,0,0,0,0,0,0,0,0
0,0,0,0,0,0,0,0,0,0,0,24,24,24,24,24,24,24,24,24,19,23,24,30,30,27,23,27,30,32,30,30,30,29,29,32,32,32,33,32,32,32,34,34,43,50,48,52,57,62,90,70,97,97,114,152,114,143,139,161,176,180,139,146,168,187,182,190,191,191,191,191,192,192,191,191,191,191,191,191,191,191,191,191,187,187,187,187,187,187,186,187,187,187,189,190,190,191,196,196,196,196,196,196,196,197,197,197,197,197,197,197,198,198,198,199,199,199,199,199,199,199,199,198,198,198,196,179,181,176,172,167,131,124,160,152,148,114,97,114,123,79,83,55,50,55,45,41,51,43,43,45,57,48,78,37,61,54,67,87,72,85,108,106,106,106,128,133,135,75,105,104,116,108,99,92,120,130,105,124,133,135,99,129,126,153,148,124,0,0,0,0,0,0,0,0,0,0,0,0,0,0,0,0,0,0,0,0,0,0,0,0,0,0,0,0,0,0,0
0,0,0,0,0,0,0,0,0,0,0,24,24,20,26,26,26,26,24,24,20,24,26,23,27,29,29,29,23,32,30,29,29,33,32,36,32,43,32,46,55,59,63,74,81,83,86,90,116,111,105,134,138,118,169,151,144,140,152,158,159,157,166,172,185,190,191,191,188,190,189,191,189,191,191,191,191,191,191,190,191,191,191,191,191,191,191,191,187,188,188,187,185,195,190,195,191,188,196,196,196,196,196,196,197,197,197,197,196,196,196,196,199,199,199,199,199,199,199,199,199,199,198,196,196,188,181,181,172,166,160,155,161,179,177,107,127,116,97,55,88,46,61,88,63,43,34,55,33,35,39,40,41,37,39,34,57,59,59,55,63,84,63,67,75,70,91,99,84,97,93,72,70,89,82,106,120,120,120,125,120,130,132,120,152,134,99,93,0,0,0,0,0,0,0,0,0,0,0,0,0,0,0,0,0,0,0,0,0,0,0,0,0,0,0,0,0,0,0
0,0,0,0,0,0,0,0,0,0,0,23,23,24,24,24,29,27,27,27,23,23,23,23,23,23,30,29,29,29,33,50,40,38,65,51,56,61,74,80,95,93,101,112,124,139,151,138,141,179,181,157,137,153,164,174,181,181,180,180,183,188,188,190,191,184,188,190,191,191,188,189,191,191,191,191,191,191,191,188,191,188,188,188,192,189,191,190,192,192,188,189,195,195,195,192,188,196,196,196,196,196,196,197,196,196,196,196,196,196,196,196,199,199,199,199,199,199,199,199,199,199,197,176,186,181,137,171,165,159,106,100,123,148,122,125,95,75,66,49,57,57,42,43,36,33,33,33,33,35,35,43,39,37,46,36,35,49,35,37,41,44,49,38,39,81,106,61,98,83,62,59,75,84,79,108,125,84,94,92,93,92,120,133,85,125,120,135,0,0,0,0,0,0,0,0,0,0,0,0,0,0,0,0,0,0,0,0,0,0,0,0,0,0,0,0,0,0,0
0,0,0,0,0,0,0,0,0,0,0,20,27,20,20,20,23,23,23,30,32,29,30,32,23,44,41,44,44,60,60,72,81,92,88,104,103,109,110,146,161,143,124,161,145,138,151,141,161,157,159,179,183,183,180,182,181,181,179,186,180,183,180,187,188,184,183,186,186,186,185,190,190,190,191,191,191,191,191,191,188,186,188,188,192,192,192,188,195,195,190,190,188,191,190,188,190,197,197,197,197,198,198,198,196,196,196,196,196,196,196,196,199,199,199,199,199,199,199,199,199,198,197,188,181,176,129,120,107,101,121,156,150,91,96,75,73,57,64,57,37,46,43,44,42,40,40,46,42,40,34,42,37,38,39,39,38,39,51,30,41,36,36,30,70,40,41,89,60,75,36,41,41,46,83,92,99,65,65,60,85,109,81,90,98,107,125,125,0,0,0,0,0,0,0,0,0,0,0,0,0,0,0,0,0,0,0,0,0,0,0,0,0,0,0,0,0,0,0
0,0,0,0,0,0,0,0,0,0,0,23,23,23,23,23,23,29,32,32,34,55,35,48,34,75,76,86,84,92,110,110,92,95,130,129,110,157,143,157,157,143,161,143,146,161,173,174,172,174,174,179,174,179,179,182,181,180,179,183,179,179,179,185,185,185,184,186,187,185,188,185,189,191,191,191,191,191,188,186,187,192,192,188,192,195,195,195,195,190,191,188,196,196,196,196,196,196,198,198,198,197,197,196,196,196,198,198,198,196,196,198,199,199,199,199,199,199,199,198,196,177,175,181,178,173,113,112,123,161,155,126,101,89,97,64,52,54,47,46,46,37,40,46,44,51,39,35,37,30,30,36,30,32,36,35,35,35,31,31,35,40,40,38,49,71,41,30,36,30,76,76,72,39,76,68,71,71,77,83,90,53,60,70,98,80,99,99,0,0,0,0,0,0,0,0,0,0,0,0,0,0,0,0,0,0,0,0,0,0,0,0,0,0,0,0,0,0,0
0,0,0,0,0,0,0,0,0,0,0,23,26,33,62,34,36,70,44,77,85,89,80,85,118,110,91,126,122,150,159,161,162,171,161,161,164,161,162,168,171,173,171,171,161,172,174,174,161,171,171,174,171,179,171,179,171,179,179,179,179,182,179,179,183,183,182,183,186,186,186,188,190,190,190,191,191,191,191,191,186,186,192,192,189,195,195,195,191,196,196,196,196,196,197,196,196,197,197,197,197,198,198,196,196,198,198,196,196,196,196,196,197,199,199,199,197,196,176,174,177,179,177,167,161,103,100,152,148,115,126,103,82,63,88,55,54,44,43,42,35,47,40,44,44,41,43,37,44,30,28,37,28,31,43,31,31,31,28,31,31,36,35,35,30,43,71,39,45,49,73,55,68,50,52,41,54,53,58,46,74,36,38,83,71,39,71,33,0,0,0,0,0,0,0,0,0,0,0,0,0,0,0,0,0,0,0,0,0,0,0,0,0,0,0,0,0,0,0
0,0,0,0,0,0,0,0,0,0,0,37,44,47,45,97,99,111,114,108,108,93,161,119,161,160,138,110,141,143,160,161,161,164,168,164,164,164,163,162,162,162,164,164,160,161,171,172,171,171,174,174,174,172,172,173,173,173,179,179,179,179,179,179,179,180,182,181,182,183,185,190,188,186,191,191,191,191,191,187,188,195,195,195,195,196,190,190,190,196,196,196,196,196,196,196,197,196,197,197,197,197,197,196,196,196,196,196,196,196,196,196,199,199,199,196,172,177,178,178,171,166,161,165,160,147,159,123,76,71,90,103,51,55,63,46,44,35,41,35,44,45,35,35,35,35,35,35,35,35,35,36,43,35,35,31,31,35,35,30,30,30,35,46,36,37,46,75,41,47,52,78,66,84,88,71,52,60,49,46,38,46,39,41,52,71,51,39,0,0,0,0,0,0,0,0,0,0,0,0,0,0,0,0,0,0,0,0,0,0,0,0,0,0,0,0,0,0,0
0,0,0,0,0,0,0,0,0,0,0,61,67,64,78,139,80,71,142,97,94,62,138,138,142,159,159,159,161,161,160,161,161,161,161,161,159,161,158,165,162,158,159,164,164,164,161,173,161,171,171,171,174,174,171,179,179,173,179,179,179,179,180,179,179,182,183,183,182,187,185,186,184,191,191,191,191,188,192,192,195,195,196,191,190,196,196,196,197,197,198,199,199,196,196,197,197,197,199,199,199,198,198,198,198,198,198,198,197,197,197,196,196,188,177,177,186,178,173,168,134,124,103,153,147,127,91,85,91,87,56,63,54,53,37,46,37,39,37,36,42,44,41,45,41,41,40,44,37,35,36,36,36,30,39,41,39,41,43,31,40,31,44,48,41,53,81,81,44,37,46,78,47,84,75,59,39,37,46,68,52,74,52,55,30,51,31,41,0,0,0,0,0,0,0,0,0,0,0,0,0,0,0,0,0,0,0,0,0,0,0,0,0,0,0,0,0,0,0
0,0,0,0,0,0,0,0,0,0,0,72,135,137,57,98,143,92,80,143,142,153,151,153,160,157,157,157,159,161,161,159,155,161,161,161,161,159,164,162,160,161,164,162,164,164,164,161,164,161,171,171,174,174,179,170,179,179,179,179,179,179,180,183,183,185,187,188,186,185,186,186,191,191,191,192,189,192,192,195,196,189,196,196,196,197,198,198,198,198,199,199,199,199,196,196,196,196,198,198,198,198,198,198,198,198,199,199,198,196,196,191,193,178,181,182,173,171,148,162,152,101,123,123,96,97,88,91,83,69,55,53,62,48,48,43,55,44,39,39,42,39,37,44,40,44,45,37,39,36,35,36,30,30,30,30,44,30,39,41,28,39,30,31,32,36,37,41,37,55,78,65,39,38,41,43,52,54,62,48,37,37,35,39,52,46,53,39,0,0,0,0,0,0,0,0,0,0,0,0,0,0,0,0,0,0,0,0,0,0,0,0,0,0,0,0,0,0,0
0,0,0,0,0,0,0,0,0,0,0,143,125,122,142,122,142,151,158,151,158,151,157,161,161,161,161,161,161,161,160,161,161,161,161,161,164,161,168,168,159,159,164,157,164,164,164,161,171,161,174,174,174,174,179,171,179,179,179,179,179,179,183,180,187,188,187,190,190,189,189,192,188,192,195,196,196,196,189,196,192,192,196,196,196,196,197,198,198,198,198,199,199,198,197,196,196,196,197,197,197,197,197,197,198,198,197,197,197,192,178,179,178,175,169,156,142,135,145,100,89,96,98,97,55,91,80,57,45,39,35,48,31,36,35,35,35,35,27,35,27,35,27,27,28,35,28,35,31,35,28,30,28,30,31,41,28,28,28,32,27,28,32,28,28,28,58,54,30,54,30,83,58,61,37,39,49,55,39,76,46,25,35,36,25,35,47,41,0,0,0,0,0,0,0,0,0,0,0,0,0,0,0,0,0,0,0,0,0,0,0,0,0,0,0,0,0,0,0
0,0,0,0,0,0,0,0,0,0,0,127,127,126,142,126,139,152,160,147,160,151,161,160,153,160,160,160,160,160,161,161,161,161,162,164,160,164,162,160,167,167,164,161,164,164,161,171,171,171,174,174,174,179,164,176,176,179,179,180,183,179,186,186,187,189,190,189,191,190,192,192,185,195,196,196,196,188,188,196,188,188,191,196,196,196,196,196,197,197,196,196,196,196,196,196,196,196,196,196,196,196,197,197,196,196,196,192,179,179,180,175,172,164,148,161,147,135,91,77,89,91,78,73,59,51,43,40,46,37,26,28,32,31,31,29,22,27,31,29,46,34,31,28,28,43,28,28,28,28,28,31,28,28,28,28,27,27,28,28,28,28,28,28,34,34,39,25,52,43,58,75,36,31,41,49,36,52,54,52,41,30,30,34,30,30,31,30,0,0,0,0,0,0,0,0,0,0,0,0,0,0,0,0,0,0,0,0,0,0,0,0,0,0,0,0,0,0,0
0,0,0,0,0,0,0,0,0,0,0,135,151,142,151,142,147,149,151,159,161,161,151,151,161,161,162,162,162,162,162,162,162,161,168,161,161,161,161,159,164,164,159,164,164,161,171,164,171,174,174,174,175,176,176,182,182,180,180,188,182,186,182,191,191,191,191,192,192,192,195,195,195,196,196,196,189,189,189,196,188,188,191,191,188,192,196,188,189,196,196,196,196,197,197,197,196,196,196,196,196,196,197,197,196,192,179,181,178,173,169,164,156,142,144,136,98,79,65,85,55,47,46,85,47,48,35,26,28,32,28,29,29,22,22,22,22,25,25,27,25,25,27,28,25,25,25,28,27,32,24,24,27,27,31,27,28,28,28,28,28,25,39,35,25,28,39,32,32,35,75,52,32,49,40,43,49,39,36,41,44,44,47,24,28,23,28,23,0,0,0,0,0,0,0,0,0,0,0,0,0,0,0,0,0,0,0,0,0,0,0,0,0,0,0,0,0,0,0
0,0,0,0,0,0,0,0,0,0,0,129,129,129,151,142,151,151,161,151,160,161,161,162,161,161,161,161,161,162,162,162,162,162,162,164,160,164,168,165,159,159,159,164,164,161,162,174,174,176,176,175,178,180,180,181,182,186,188,187,188,190,191,191,191,192,195,196,196,196,196,195,196,196,196,196,196,189,188,196,192,189,189,188,196,188,189,188,188,196,196,196,196,196,197,197,197,197,197,197,197,196,192,195,180,181,182,175,170,165,147,152,99,96,91,84,78,64,53,73,61,63,38,42,43,37,41,35,28,32,32,27,28,27,28,28,27,27,27,35,31,25,25,27,31,27,27,31,28,28,27,28,28,28,28,27,28,28,27,27,27,28,28,27,25,28,28,28,28,28,49,39,36,35,44,51,43,30,25,25,20,20,29,24,24,23,21,23,0,0,0,0,0,0,0,0,0,0,0,0,0,0,0,0,0,0,0,0,0,0,0,0,0,0,0,0,0,0,0
0,0,0,0,0,0,0,0,0,0,0,137,137,151,137,157,138,150,150,160,161,161,161,161,161,161,161,161,161,161,161,161,162,161,161,164,164,162,164,161,162,168,164,171,164,171,173,174,175,179,179,182,179,180,182,187,184,186,189,191,192,192,191,192,195,192,195,196,196,196,195,196,196,196,191,190,190,188,188,196,192,196,196,196,196,188,196,197,197,197,197,197,197,197,197,197,197,197,192,192,195,191,187,180,168,175,156,146,149,149,139,92,88,85,78,69,85,64,80,53,46,37,37,35,36,28,41,35,28,28,32,32,28,28,27,27,28,28,28,35,35,27,25,27,28,25,28,28,27,25,25,28,28,28,28,25,28,25,28,25,28,32,28,25,25,32,35,27,25,27,46,36,51,25,42,26,35,28,26,30,25,28,28,28,23,21,23,21,0,0,0,0,0,0,0,0,0,0,0,0,0,0,0,0,0,0,0,0,0,0,0,0,0,0,0,0,0,0,0
0,0,0,0,0,0,0,0,0,0,0,142,142,142,138,151,151,151,161,150,160,161,161,161,161,160,161,161,161,161,162,162,162,168,162,161,162,164,161,164,171,171,172,174,179,178,178,179,179,180,180,182,182,186,188,185,188,191,190,191,191,196,195,196,196,195,195,196,196,196,196,196,196,196,190,190,191,189,189,196,196,192,192,196,196,196,196,196,196,196,196,197,196,196,192,192,179,179,182,179,174,169,156,150,135,136,141,85,99,97,69,79,50,85,56,88,56,37,44,33,35,28,24,32,32,32,22,26,35,41,32,28,27,28,28,27,27,28,32,34,27,27,28,27,27,27,36,28,28,28,31,28,28,28,25,26,28,28,25,25,25,31,28,25,27,28,28,42,28,27,62,42,52,32,52,30,39,39,43,42,39,39,30,35,32,32,39,39,0,0,0,0,0,0,0,0,0,0,0,0,0,0,0,0,0,0,0,0,0,0,0,0,0,0,0,0,0,0,0
0,0,0,0,0,0,0,0,0,0,0,129,142,146,144,158,142,144,157,160,142,160,153,160,159,161,160,161,160,161,160,161,161,161,162,161,167,161,162,168,164,171,171,174,174,179,179,181,179,179,180,182,182,186,188,191,188,192,190,191,191,192,192,195,196,196,196,196,190,196,196,196,196,196,196,196,196,196,196,196,196,192,196,196,196,196,196,196,196,192,192,195,188,176,187,183,168,174,167,164,149,111,149,114,91,85,99,110,90,89,85,79,52,50,54,50,38,35,41,39,28,34,35,32,26,26,22,22,22,22,27,27,27,27,27,27,27,27,27,27,27,22,22,28,28,28,27,27,27,27,27,28,35,28,27,27,27,28,28,25,25,28,28,26,26,25,25,25,27,32,59,41,58,41,36,32,35,42,36,36,39,41,37,36,36,36,36,39,0,0,0,0,0,0,0,0,0,0,0,0,0,0,0,0,0,0,0,0,0,0,0,0,0,0,0,0,0,0,0
0,0,0,0,0,0,0,0,0,0,0,129,129,129,129,142,146,144,142,158,144,161,161,159,160,161,161,161,161,161,160,161,160,160,161,164,170,158,164,158,174,179,179,179,179,178,180,180,182,184,186,188,187,185,191,192,190,192,192,192,195,196,195,195,195,196,196,196,196,196,195,195,195,195,195,192,196,195,195,195,196,195,196,196,196,196,196,196,195,188,176,182,182,176,166,164,164,153,149,184,150,115,92,85,90,57,64,77,62,61,50,36,33,36,38,37,33,27,36,28,28,34,28,32,32,34,28,28,28,22,22,27,27,27,27,27,27,27,28,34,27,27,27,27,27,27,27,27,27,27,26,28,34,28,27,25,25,25,25,25,27,27,26,27,35,35,34,26,47,30,50,54,54,41,36,30,30,30,36,37,48,49,52,39,39,33,52,31,0,0,0,0,0,0,0,0,0,0,0,0,0,0,0,0,0,0,0,0,0,0,0,0,0,0,0,0,0,0,0
0,0,0,0,0,0,0,0,0,0,0,0,0,0,0,0,0,0,0,0,0,0,0,0,0,0,0,0,0,0,0,0,0,0,0,0,0,0,0,0,0,0,0,0,0,0,0,0,0,0,0,0,0,0,0,0,0,0,0,0,0,0,0,0,0,0,0,0,0,0,0,0,0,0,0,0,0,0,0,0,0,0,0,0,0,0,0,0,0,0,0,0,0,0,0,0,0,0,0,0,0,0,0,0,0,0,0,0,0,0,0,0,0,0,0,0,0,0,0,0,0,0,0,0,0,0,0,0,0,0,0,0,0,0,0,0,0,0,0,0,0,0,0,0,0,0,0,0,0,0,0,0,0,0,0,0,0,0,0,0,0,0,0,0,0,0,0,0,0,0,0,0,0,0,0,0,0,0,0,0,0,0,0,0,0,0,0,0,0,0,0,0,0,0,0,0,0,0,0,0,0,0,0,0,0,0,0,0,0,0,0,0,0,0,0,0,0,0,0
0,0,0,0,0,0,0,0,0,0,0,0,0,0,0,0,0,0,0,0,0,0,0,0,0,0,0,0,0,0,0,0,0,0,0,0,0,0,0,0,0,0,0,0,0,0,0,0,0,0,0,0,0,0,0,0,0,0,0,0,0,0,0,0,0,0,0,0,0,0,0,0,0,0,0,0,0,0,0,0,0,0,0,0,0,0,0,0,0,0,0,0,0,0,0,0,0,0,0,0,0,0,0,0,0,0,0,0,0,0,0,0,0,0,0,0,0,0,0,0,0,0,0,0,0,0,0,0,0,0,0,0,0,0,0,0,0,0,0,0,0,0,0,0,0,0,0,0,0,0,0,0,0,0,0,0,0,0,0,0,0,0,0,0,0,0,0,0,0,0,0,0,0,0,0,0,0,0,0,0,0,0,0,0,0,0,0,0,0,0,0,0,0,0,0,0,0,0,0,0,0,0,0,0,0,0,0,0,0,0,0,0,0,0,0,0,0,0,0
0,0,0,0,0,0,0,0,0,0,0,0,0,0,0,0,0,0,0,0,0,0,0,0,0,0,0,0,0,0,0,0,0,0,0,0,0,0,0,0,0,0,0,0,0,0,0,0,0,0,0,0,0,0,0,0,0,0,0,0,0,0,0,0,0,0,0,0,0,0,0,0,0,0,0,0,0,0,0,0,0,0,0,0,0,0,0,0,0,0,0,0,0,0,0,0,0,0,0,0,0,0,0,0,0,0,0,0,0,0,0,0,0,0,0,0,0,0,0,0,0,0,0,0,0,0,0,0,0,0,0,0,0,0,0,0,0,0,0,0,0,0,0,0,0,0,0,0,0,0,0,0,0,0,0,0,0,0,0,0,0,0,0,0,0,0,0,0,0,0,0,0,0,0,0,0,0,0,0,0,0,0,0,0,0,0,0,0,0,0,0,0,0,0,0,0,0,0,0,0,0,0,0,0,0,0,0,0,0,0,0,0,0,0,0,0,0,0,0
0,0,0,0,0,0,0,0,0,0,0,0,0,0,0,0,0,0,0,0,0,0,0,0,0,0,0,0,0,0,0,0,0,0,0,0,0,0,0,0,0,0,0,0,0,0,0,0,0,0,0,0,0,0,0,0,0,0,0,0,0,0,0,0,0,0,0,0,0,0,0,0,0,0,0,0,0,0,0,0,0,0,0,0,0,0,0,0,0,0,0,0,0,0,0,0,0,0,0,0,0,0,0,0,0,0,0,0,0,0,0,0,0,0,0,0,0,0,0,0,0,0,0,0,0,0,0,0,0,0,0,0,0,0,0,0,0,0,0,0,0,0,0,0,0,0,0,0,0,0,0,0,0,0,0,0,0,0,0,0,0,0,0,0,0,0,0,0,0,0,0,0,0,0,0,0,0,0,0,0,0,0,0,0,0,0,0,0,0,0,0,0,0,0,0,0,0,0,0,0,0,0,0,0,0,0,0,0,0,0,0,0,0,0,0,0,0,0,0
0,0,0,0,0,0,0,0,0,0,0,0,0,0,0,0,0,0,0,0,0,0,0,0,0,0,0,0,0,0,0,0,0,0,0,0,0,0,0,0,0,0,0,0,0,0,0,0,0,0,0,0,0,0,0,0,0,0,0,0,0,0,0,0,0,0,0,0,0,0,0,0,0,0,0,0,0,0,0,0,0,0,0,0,0,0,0,0,0,0,0,0,0,0,0,0,0,0,0,0,0,0,0,0,0,0,0,0,0,0,0,0,0,0,0,0,0,0,0,0,0,0,0,0,0,0,0,0,0,0,0,0,0,0,0,0,0,0,0,0,0,0,0,0,0,0,0,0,0,0,0,0,0,0,0,0,0,0,0,0,0,0,0,0,0,0,0,0,0,0,0,0,0,0,0,0,0,0,0,0,0,0,0,0,0,0,0,0,0,0,0,0,0,0,0,0,0,0,0,0,0,0,0,0,0,0,0,0,0,0,0,0,0,0,0,0,0,0,0
0,0,0,0,0,0,0,0,0,0,0,0,0,0,0,0,0,0,0,0,0,0,0,0,0,0,0,0,0,0,0,0,0,0,0,0,0,0,0,0,0,0,0,0,0,0,0,0,0,0,0,0,0,0,0,0,0,0,0,0,0,0,0,0,0,0,0,0,0,0,0,0,0,0,0,0,0,0,0,0,0,0,0,0,0,0,0,0,0,0,0,0,0,0,0,0,0,0,0,0,0,0,0,0,0,0,0,0,0,0,0,0,0,0,0,0,0,0,0,0,0,0,0,0,0,0,0,0,0,0,0,0,0,0,0,0,0,0,0,0,0,0,0,0,0,0,0,0,0,0,0,0,0,0,0,0,0,0,0,0,0,0,0,0,0,0,0,0,0,0,0,0,0,0,0,0,0,0,0,0,0,0,0,0,0,0,0,0,0,0,0,0,0,0,0,0,0,0,0,0,0,0,0,0,0,0,0,0,0,0,0,0,0,0,0,0,0,0,0
0,0,0,0,0,0,0,0,0,0,0,0,0,0,0,0,0,0,0,0,0,0,0,0,0,0,0,0,0,0,0,0,0,0,0,0,0,0,0,0,0,0,0,0,0,0,0,0,0,0,0,0,0,0,0,0,0,0,0,0,0,0,0,0,0,0,0,0,0,0,0,0,0,0,0,0,0,0,0,0,0,0,0,0,0,0,0,0,0,0,0,0,0,0,0,0,0,0,0,0,0,0,0,0,0,0,0,0,0,0,0,0,0,0,0,0,0,0,0,0,0,0,0,0,0,0,0,0,0,0,0,0,0,0,0,0,0,0,0,0,0,0,0,0,0,0,0,0,0,0,0,0,0,0,0,0,0,0,0,0,0,0,0,0,0,0,0,0,0,0,0,0,0,0,0,0,0,0,0,0,0,0,0,0,0,0,0,0,0,0,0,0,0,0,0,0,0,0,0,0,0,0,0,0,0,0,0,0,0,0,0,0,0,0,0,0,0,0,0
0,0,0,0,0,0,0,0,0,0,0,0,0,0,0,0,0,0,0,0,0,0,0,0,0,0,0,0,0,0,0,0,0,0,0,0,0,0,0,0,0,0,0,0,0,0,0,0,0,0,0,0,0,0,0,0,0,0,0,0,0,0,0,0,0,0,0,0,0,0,0,0,0,0,0,0,0,0,0,0,0,0,0,0,0,0,0,0,0,0,0,0,0,0,0,0,0,0,0,0,0,0,0,0,0,0,0,0,0,0,0,0,0,0,0,0,0,0,0,0,0,0,0,0,0,0,0,0,0,0,0,0,0,0,0,0,0,0,0,0,0,0,0,0,0,0,0,0,0,0,0,0,0,0,0,0,0,0,0,0,0,0,0,0,0,0,0,0,0,0,0,0,0,0,0,0,0,0,0,0,0,0,0,0,0,0,0,0,0,0,0,0,0,0,0,0,0,0,0,0,0,0,0,0,0,0,0,0,0,0,0,0,0,0,0,0,0,0,0
0,0,0,0,0,0,0,0,0,0,0,0,0,0,0,0,0,0,0,0,0,0,0,0,0,0,0,0,0,0,0,0,0,0,0,0,0,0,0,0,0,0,0,0,0,0,0,0,0,0,0,0,0,0,0,0,0,0,0,0,0,0,0,0,0,0,0,0,0,0,0,0,0,0,0,0,0,0,0,0,0,0,0,0,0,0,0,0,0,0,0,0,0,0,0,0,0,0,0,0,0,0,0,0,0,0,0,0,0,0,0,0,0,0,0,0,0,0,0,0,0,0,0,0,0,0,0,0,0,0,0,0,0,0,0,0,0,0,0,0,0,0,0,0,0,0,0,0,0,0,0,0,0,0,0,0,0,0,0,0,0,0,0,0,0,0,0,0,0,0,0,0,0,0,0,0,0,0,0,0,0,0,0,0,0,0,0,0,0,0,0,0,0,0,0,0,0,0,0,0,0,0,0,0,0,0,0,0,0,0,0,0,0,0,0,0,0,0,0
0,0,0,0,0,0,0,0,0,0,0,0,0,0,0,0,0,0,0,0,0,0,0,0,0,0,0,0,0,0,0,0,0,0,0,0,0,0,0,0,0,0,0,0,0,0,0,0,0,0,0,0,0,0,0,0,0,0,0,0,0,0,0,0,0,0,0,0,0,0,0,0,0,0,0,0,0,0,0,0,0,0,0,0,0,0,0,0,0,0,0,0,0,0,0,0,0,0,0,0,0,0,0,0,0,0,0,0,0,0,0,0,0,0,0,0,0,0,0,0,0,0,0,0,0,0,0,0,0,0,0,0,0,0,0,0,0,0,0,0,0,0,0,0,0,0,0,0,0,0,0,0,0,0,0,0,0,0,0,0,0,0,0,0,0,0,0,0,0,0,0,0,0,0,0,0,0,0,0,0,0,0,0,0,0,0,0,0,0,0,0,0,0,0,0,0,0,0,0,0,0,0,0,0,0,0,0,0,0,0,0,0,0,0,0,0,0,0,0
0,0,0,0,0,0,0,0,0,0,0,0,0,0,0,0,0,0,0,0,0,0,0,0,0,0,0,0,0,0,0,0,0,0,0,0,0,0,0,0,0,0,0,0,0,0,0,0,0,0,0,0,0,0,0,0,0,0,0,0,0,0,0,0,0,0,0,0,0,0,0,0,0,0,0,0,0,0,0,0,0,0,0,0,0,0,0,0,0,0,0,0,0,0,0,0,0,0,0,0,0,0,0,0,0,0,0,0,0,0,0,0,0,0,0,0,0,0,0,0,0,0,0,0,0,0,0,0,0,0,0,0,0,0,0,0,0,0,0,0,0,0,0,0,0,0,0,0,0,0,0,0,0,0,0,0,0,0,0,0,0,0,0,0,0,0,0,0,0,0,0,0,0,0,0,0,0,0,0,0,0,0,0,0,0,0,0,0,0,0,0,0,0,0,0,0,0,0,0,0,0,0,0,0,0,0,0,0,0,0,0,0,0,0,0,0,0,0,0
0,0,0,0,0,0,0,0,0,0,0,0,0,0,0,0,0,0,0,0,0,0,0,0,0,0,0,0,0,0,0,0,0,0,0,0,0,0,0,0,0,0,0,0,0,0,0,0,0,0,0,0,0,0,0,0,0,0,0,0,0,0,0,0,0,0,0,0,0,0,0,0,0,0,0,0,0,0,0,0,0,0,0,0,0,0,0,0,0,0,0,0,0,0,0,0,0,0,0,0,0,0,0,0,0,0,0,0,0,0,0,0,0,0,0,0,0,0,0,0,0,0,0,0,0,0,0,0,0,0,0,0,0,0,0,0,0,0,0,0,0,0,0,0,0,0,0,0,0,0,0,0,0,0,0,0,0,0,0,0,0,0,0,0,0,0,0,0,0,0,0,0,0,0,0,0,0,0,0,0,0,0,0,0,0,0,0,0,0,0,0,0,0,0,0,0,0,0,0,0,0,0,0,0,0,0,0,0,0,0,0,0,0,0,0,0,0,0,0
0,0,0,0,0,0,0,0,0,0,0,0,0,0,0,0,0,0,0,0,0,0,0,0,0,0,0,0,0,0,0,0,0,0,0,0,0,0,0,0,0,0,0,0,0,0,0,0,0,0,0,0,0,0,0,0,0,0,0,0,0,0,0,0,0,0,0,0,0,0,0,0,0,0,0,0,0,0,0,0,0,0,0,0,0,0,0,0,0,0,0,0,0,0,0,0,0,0,0,0,0,0,0,0,0,0,0,0,0,0,0,0,0,0,0,0,0,0,0,0,0,0,0,0,0,0,0,0,0,0,0,0,0,0,0,0,0,0,0,0,0,0,0,0,0,0,0,0,0,0,0,0,0,0,0,0,0,0,0,0,0,0,0,0,0,0,0,0,0,0,0,0,0,0,0,0,0,0,0,0,0,0,0,0,0,0,0,0,0,0,0,0,0,0,0,0,0,0,0,0,0,0,0,0,0,0,0,0,0,0,0,0,0,0,0,0,0,0,0
0,0,0,0,0,0,0,0,0,0,0,0,0,0,0,0,0,0,0,0,0,0,0,0,0,0,0,0,0,0,0,0,0,0,0,0,0,0,0,0,0,0,0,0,0,0,0,0,0,0,0,0,0,0,0,0,0,0,0,0,0,0,0,0,0,0,0,0,0,0,0,0,0,0,0,0,0,0,0,0,0,0,0,0,0,0,0,0,0,0,0,0,0,0,0,0,0,0,0,0,0,0,0,0,0,0,0,0,0,0,0,0,0,0,0,0,0,0,0,0,0,0,0,0,0,0,0,0,0,0,0,0,0,0,0,0,0,0,0,0,0,0,0,0,0,0,0,0,0,0,0,0,0,0,0,0,0,0,0,0,0,0,0,0,0,0,0,0,0,0,0,0,0,0,0,0,0,0,0,0,0,0,0,0,0,0,0,0,0,0,0,0,0,0,0,0,0,0,0,0,0,0,0,0,0,0,0,0,0,0,0,0,0,0,0,0,0,0,0
0,0,0,0,0,0,0,0,0,0,0,0,0,0,0,0,0,0,0,0,0,0,0,0,0,0,0,0,0,0,0,0,0,0,0,0,0,0,0,0,0,0,0,0,0,0,0,0,0,0,0,0,0,0,0,0,0,0,0,0,0,0,0,0,0,0,0,0,0,0,0,0,0,0,0,0,0,0,0,0,0,0,0,0,0,0,0,0,0,0,0,0,0,0,0,0,0,0,0,0,0,0,0,0,0,0,0,0,0,0,0,0,0,0,0,0,0,0,0,0,0,0,0,0,0,0,0,0,0,0,0,0,0,0,0,0,0,0,0,0,0,0,0,0,0,0,0,0,0,0,0,0,0,0,0,0,0,0,0,0,0,0,0,0,0,0,0,0,0,0,0,0,0,0,0,0,0,0,0,0,0,0,0,0,0,0,0,0,0,0,0,0,0,0,0,0,0,0,0,0,0,0,0,0,0,0,0,0,0,0,0,0,0,0,0,0,0,0,0
0,0,0,0,0,0,0,0,0,0,0,0,0,0,0,0,0,0,0,0,0,0,0,0,0,0,0,0,0,0,0,0,0,0,0,0,0,0,0,0,0,0,0,0,0,0,0,0,0,0,0,0,0,0,0,0,0,0,0,0,0,0,0,0,0,0,0,0,0,0,0,0,0,0,0,0,0,0,0,0,0,0,0,0,0,0,0,0,0,0,0,0,0,0,0,0,0,0,0,0,0,0,0,0,0,0,0,0,0,0,0,0,0,0,0,0,0,0,0,0,0,0,0,0,0,0,0,0,0,0,0,0,0,0,0,0,0,0,0,0,0,0,0,0,0,0,0,0,0,0,0,0,0,0,0,0,0,0,0,0,0,0,0,0,0,0,0,0,0,0,0,0,0,0,0,0,0,0,0,0,0,0,0,0,0,0,0,0,0,0,0,0,0,0,0,0,0,0,0,0,0,0,0,0,0,0,0,0,0,0,0,0,0,0,0,0,0,0,0
0,0,0,0,0,0,0,0,0,0,0,0,0,0,0,0,0,0,0,0,0,0,0,0,0,0,0,0,0,0,0,0,0,0,0,0,0,0,0,0,0,0,0,0,0,0,0,0,0,0,0,0,0,0,0,0,0,0,0,0,0,0,0,0,0,0,0,0,0,0,0,0,0,0,0,0,0,0,0,0,0,0,0,0,0,0,0,0,0,0,0,0,0,0,0,0,0,0,0,0,0,0,0,0,0,0,0,0,0,0,0,0,0,0,0,0,0,0,0,0,0,0,0,0,0,0,0,0,0,0,0,0,0,0,0,0,0,0,0,0,0,0,0,0,0,0,0,0,0,0,0,0,0,0,0,0,0,0,0,0,0,0,0,0,0,0,0,0,0,0,0,0,0,0,0,0,0,0,0,0,0,0,0,0,0,0,0,0,0,0,0,0,0,0,0,0,0,0,0,0,0,0,0,0,0,0,0,0,0,0,0,0,0,0,0,0,0,0,0
0,0,0,0,0,0,0,0,0,0,0,0,0,0,0,0,0,0,0,0,0,0,0,0,0,0,0,0,0,0,0,0,0,0,0,0,0,0,0,0,0,0,0,0,0,0,0,0,0,0,0,0,0,0,0,0,0,0,0,0,0,0,0,0,0,0,0,0,0,0,0,0,0,0,0,0,0,0,0,0,0,0,0,0,0,0,0,0,0,0,0,0,0,0,0,0,0,0,0,0,0,0,0,0,0,0,0,0,0,0,0,0,0,0,0,0,0,0,0,0,0,0,0,0,0,0,0,0,0,0,0,0,0,0,0,0,0,0,0,0,0,0,0,0,0,0,0,0,0,0,0,0,0,0,0,0,0,0,0,0,0,0,0,0,0,0,0,0,0,0,0,0,0,0,0,0,0,0,0,0,0,0,0,0,0,0,0,0,0,0,0,0,0,0,0,0,0,0,0,0,0,0,0,0,0,0,0,0,0,0,0,0,0,0,0,0,0,0,0
0,0,0,0,0,0,0,0,0,0,0,0,0,0,0,0,0,0,0,0,0,0,0,0,0,0,0,0,0,0,0,0,0,0,0,0,0,0,0,0,0,0,0,0,0,0,0,0,0,0,0,0,0,0,0,0,0,0,0,0,0,0,0,0,0,0,0,0,0,0,0,0,0,0,0,0,0,0,0,0,0,0,0,0,0,0,0,0,0,0,0,0,0,0,0,0,0,0,0,0,0,0,0,0,0,0,0,0,0,0,0,0,0,0,0,0,0,0,0,0,0,0,0,0,0,0,0,0,0,0,0,0,0,0,0,0,0,0,0,0,0,0,0,0,0,0,0,0,0,0,0,0,0,0,0,0,0,0,0,0,0,0,0,0,0,0,0,0,0,0,0,0,0,0,0,0,0,0,0,0,0,0,0,0,0,0,0,0,0,0,0,0,0,0,0,0,0,0,0,0,0,0,0,0,0,0,0,0,0,0,0,0,0,0,0,0,0,0,0
0,0,0,0,0,0,0,0,0,0,0,0,0,0,0,0,0,0,0,0,0,0,0,0,0,0,0,0,0,0,0,0,0,0,0,0,0,0,0,0,0,0,0,0,0,0,0,0,0,0,0,0,0,0,0,0,0,0,0,0,0,0,0,0,0,0,0,0,0,0,0,0,0,0,0,0,0,0,0,0,0,0,0,0,0,0,0,0,0,0,0,0,0,0,0,0,0,0,0,0,0,0,0,0,0,0,0,0,0,0,0,0,0,0,0,0,0,0,0,0,0,0,0,0,0,0,0,0,0,0,0,0,0,0,0,0,0,0,0,0,0,0,0,0,0,0,0,0,0,0,0,0,0,0,0,0,0,0,0,0,0,0,0,0,0,0,0,0,0,0,0,0,0,0,0,0,0,0,0,0,0,0,0,0,0,0,0,0,0,0,0,0,0,0,0,0,0,0,0,0,0,0,0,0,0,0,0,0,0,0,0,0,0,0,0,0,0,0,0
0,0,0,0,0,0,0,0,0,0,0,0,0,0,0,0,0,0,0,0,0,0,0,0,0,0,0,0,0,0,0,0,0,0,0,0,0,0,0,0,0,0,0,0,0,0,0,0,0,0,0,0,0,0,0,0,0,0,0,0,0,0,0,0,0,0,0,0,0,0,0,0,0,0,0,0,0,0,0,0,0,0,0,0,0,0,0,0,0,0,0,0,0,0,0,0,0,0,0,0,0,0,0,0,0,0,0,0,0,0,0,0,0,0,0,0,0,0,0,0,0,0,0,0,0,0,0,0,0,0,0,0,0,0,0,0,0,0,0,0,0,0,0,0,0,0,0,0,0,0,0,0,0,0,0,0,0,0,0,0,0,0,0,0,0,0,0,0,0,0,0,0,0,0,0,0,0,0,0,0,0,0,0,0,0,0,0,0,0,0,0,0,0,0,0,0,0,0,0,0,0,0,0,0,0,0,0,0,0,0,0,0,0,0,0,0,0,0,0
0,0,0,0,0,0,0,0,0,0,0,0,0,0,0,0,0,0,0,0,0,0,0,0,0,0,0,0,0,0,0,0,0,0,0,0,0,0,0,0,0,0,0,0,0,0,0,0,0,0,0,0,0,0,0,0,0,0,0,0,0,0,0,0,0,0,0,0,0,0,0,0,0,0,0,0,0,0,0,0,0,0,0,0,0,0,0,0,0,0,0,0,0,0,0,0,0,0,0,0,0,0,0,0,0,0,0,0,0,0,0,0,0,0,0,0,0,0,0,0,0,0,0,0,0,0,0,0,0,0,0,0,0,0,0,0,0,0,0,0,0,0,0,0,0,0,0,0,0,0,0,0,0,0,0,0,0,0,0,0,0,0,0,0,0,0,0,0,0,0,0,0,0,0,0,0,0,0,0,0,0,0,0,0,0,0,0,0,0,0,0,0,0,0,0,0,0,0,0,0,0,0,0,0,0,0,0,0,0,0,0,0,0,0,0,0,0,0,0
0,0,0,0,0,0,0,0,0,0,0,0,0,0,0,0,0,0,0,0,0,0,0,0,0,0,0,0,0,0,0,0,0,0,0,0,0,0,0,0,0,0,0,0,0,0,0,0,0,0,0,0,0,0,0,0,0,0,0,0,0,0,0,0,0,0,0,0,0,0,0,0,0,0,0,0,0,0,0,0,0,0,0,0,0,0,0,0,0,0,0,0,0,0,0,0,0,0,0,0,0,0,0,0,0,0,0,0,0,0,0,0,0,0,0,0,0,0,0,0,0,0,0,0,0,0,0,0,0,0,0,0,0,0,0,0,0,0,0,0,0,0,0,0,0,0,0,0,0,0,0,0,0,0,0,0,0,0,0,0,0,0,0,0,0,0,0,0,0,0,0,0,0,0,0,0,0,0,0,0,0,0,0,0,0,0,0,0,0,0,0,0,0,0,0,0,0,0,0,0,0,0,0,0,0,0,0,0,0,0,0,0,0,0,0,0,0,0,0
0,0,0,0,0,0,0,0,0,0,0,0,0,0,0,0,0,0,0,0,0,0,0,0,0,0,0,0,0,0,0,0,0,0,0,0,0,0,0,0,0,0,0,0,0,0,0,0,0,0,0,0,0,0,0,0,0,0,0,0,0,0,0,0,0,0,0,0,0,0,0,0,0,0,0,0,0,0,0,0,0,0,0,0,0,0,0,0,0,0,0,0,0,0,0,0,0,0,0,0,0,0,0,0,0,0,0,0,0,0,0,0,0,0,0,0,0,0,0,0,0,0,0,0,0,0,0,0,0,0,0,0,0,0,0,0,0,0,0,0,0,0,0,0,0,0,0,0,0,0,0,0,0,0,0,0,0,0,0,0,0,0,0,0,0,0,0,0,0,0,0,0,0,0,0,0,0,0,0,0,0,0,0,0,0,0,0,0,0,0,0,0,0,0,0,0,0,0,0,0,0,0,0,0,0,0,0,0,0,0,0,0,0,0,0,0,0,0,0
0,0,0,0,0,0,0,0,0,0,0,0,0,0,0,0,0,0,0,0,0,0,0,0,0,0,0,0,0,0,0,0,0,0,0,0,0,0,0,0,0,0,0,0,0,0,0,0,0,0,0,0,0,0,0,0,0,0,0,0,0,0,0,0,0,0,0,0,0,0,0,0,0,0,0,0,0,0,0,0,0,0,0,0,0,0,0,0,0,0,0,0,0,0,0,0,0,0,0,0,0,0,0,0,0,0,0,0,0,0,0,0,0,0,0,0,0,0,0,0,0,0,0,0,0,0,0,0,0,0,0,0,0,0,0,0,0,0,0,0,0,0,0,0,0,0,0,0,0,0,0,0,0,0,0,0,0,0,0,0,0,0,0,0,0,0,0,0,0,0,0,0,0,0,0,0,0,0,0,0,0,0,0,0,0,0,0,0,0,0,0,0,0,0,0,0,0,0,0,0,0,0,0,0,0,0,0,0,0,0,0,0,0,0,0,0,0,0,0
0,0,0,0,0,0,0,0,0,0,0,0,0,0,0,0,0,0,0,0,0,0,0,0,0,0,0,0,0,0,0,0,0,0,0,0,0,0,0,0,0,0,0,0,0,0,0,0,0,0,0,0,0,0,0,0,0,0,0,0,0,0,0,0,0,0,0,0,0,0,0,0,0,0,0,0,0,0,0,0,0,0,0,0,0,0,0,0,0,0,0,0,0,0,0,0,0,0,0,0,0,0,0,0,0,0,0,0,0,0,0,0,0,0,0,0,0,0,0,0,0,0,0,0,0,0,0,0,0,0,0,0,0,0,0,0,0,0,0,0,0,0,0,0,0,0,0,0,0,0,0,0,0,0,0,0,0,0,0,0,0,0,0,0,0,0,0,0,0,0,0,0,0,0,0,0,0,0,0,0,0,0,0,0,0,0,0,0,0,0,0,0,0,0,0,0,0,0,0,0,0,0,0,0,0,0,0,0,0,0,0,0,0,0,0,0,0,0,0
0,0,0,0,0,0,0,0,0,0,0,0,0,0,0,0,0,0,0,0,0,0,0,0,0,0,0,0,0,0,0,0,0,0,0,0,0,0,0,0,0,0,0,0,0,0,0,0,0,0,0,0,0,0,0,0,0,0,0,0,0,0,0,0,0,0,0,0,0,0,0,0,0,0,0,0,0,0,0,0,0,0,0,0,0,0,0,0,0,0,0,0,0,0,0,0,0,0,0,0,0,0,0,0,0,0,0,0,0,0,0,0,0,0,0,0,0,0,0,0,0,0,0,0,0,0,0,0,0,0,0,0,0,0,0,0,0,0,0,0,0,0,0,0,0,0,0,0,0,0,0,0,0,0,0,0,0,0,0,0,0,0,0,0,0,0,0,0,0,0,0,0,0,0,0,0,0,0,0,0,0,0,0,0,0,0,0,0,0,0,0,0,0,0,0,0,0,0,0,0,0,0,0,0,0,0,0,0,0,0,0,0,0,0,0,0,0,0,0
0,0,0,0,0,0,0,0,0,0,0,0,0,0,0,0,0,0,0,0,0,0,0,0,0,0,0,0,0,0,0,0,0,0,0,0,0,0,0,0,0,0,0,0,0,0,0,0,0,0,0,0,0,0,0,0,0,0,0,0,0,0,0,0,0,0,0,0,0,0,0,0,0,0,0,0,0,0,0,0,0,0,0,0,0,0,0,0,0,0,0,0,0,0,0,0,0,0,0,0,0,0,0,0,0,0,0,0,0,0,0,0,0,0,0,0,0,0,0,0,0,0,0,0,0,0,0,0,0,0,0,0,0,0,0,0,0,0,0,0,0,0,0,0,0,0,0,0,0,0,0,0,0,0,0,0,0,0,0,0,0,0,0,0,0,0,0,0,0,0,0,0,0,0,0,0,0,0,0,0,0,0,0,0,0,0,0,0,0,0,0,0,0,0,0,0,0,0,0,0,0,0,0,0,0,0,0,0,0,0,0,0,0,0,0,0,0,0,0
0,0,0,0,0,0,0,0,0,0,0,0,0,0,0,0,0,0,0,0,0,0,0,0,0,0,0,0,0,0,0,0,0,0,0,0,0,0,0,0,0,0,0,0,0,0,0,0,0,0,0,0,0,0,0,0,0,0,0,0,0,0,0,0,0,0,0,0,0,0,0,0,0,0,0,0,0,0,0,0,0,0,0,0,0,0,0,0,0,0,0,0,0,0,0,0,0,0,0,0,0,0,0,0,0,0,0,0,0,0,0,0,0,0,0,0,0,0,0,0,0,0,0,0,0,0,0,0,0,0,0,0,0,0,0,0,0,0,0,0,0,0,0,0,0,0,0,0,0,0,0,0,0,0,0,0,0,0,0,0,0,0,0,0,0,0,0,0,0,0,0,0,0,0,0,0,0,0,0,0,0,0,0,0,0,0,0,0,0,0,0,0,0,0,0,0,0,0,0,0,0,0,0,0,0,0,0,0,0,0,0,0,0,0,0,0,0,0,0
0,0,0,0,0,0,0,0,0,0,0,0,0,0,0,0,0,0,0,0,0,0,0,0,0,0,0,0,0,0,0,0,0,0,0,0,0,0,0,0,0,0,0,0,0,0,0,0,0,0,0,0,0,0,0,0,0,0,0,0,0,0,0,0,0,0,0,0,0,0,0,0,0,0,0,0,0,0,0,0,0,0,0,0,0,0,0,0,0,0,0,0,0,0,0,0,0,0,0,0,0,0,0,0,0,0,0,0,0,0,0,0,0,0,0,0,0,0,0,0,0,0,0,0,0,0,0,0,0,0,0,0,0,0,0,0,0,0,0,0,0,0,0,0,0,0,0,0,0,0,0,0,0,0,0,0,0,0,0,0,0,0,0,0,0,0,0,0,0,0,0,0,0,0,0,0,0,0,0,0,0,0,0,0,0,0,0,0,0,0,0,0,0,0,0,0,0,0,0,0,0,0,0,0,0,0,0,0,0,0,0,0,0,0,0,0,0,0,0
0,0,0,0,0,0,0,0,0,0,0,0,0,0,0,0,0,0,0,0,0,0,0,0,0,0,0,0,0,0,0,0,0,0,0,0,0,0,0,0,0,0,0,0,0,0,0,0,0,0,0,0,0,0,0,0,0,0,0,0,0,0,0,0,0,0,0,0,0,0,0,0,0,0,0,0,0,0,0,0,0,0,0,0,0,0,0,0,0,0,0,0,0,0,0,0,0,0,0,0,0,0,0,0,0,0,0,0,0,0,0,0,0,0,0,0,0,0,0,0,0,0,0,0,0,0,0,0,0,0,0,0,0,0,0,0,0,0,0,0,0,0,0,0,0,0,0,0,0,0,0,0,0,0,0,0,0,0,0,0,0,0,0,0,0,0,0,0,0,0,0,0,0,0,0,0,0,0,0,0,0,0,0,0,0,0,0,0,0,0,0,0,0,0,0,0,0,0,0,0,0,0,0,0,0,0,0,0,0,0,0,0,0,0,0,0,0,0,0
