0,0,0,0,0,0,0,0,0,0,0,0,0,0,0,0,0,0,0,0,0,0,0,0,0,0,0,0,0,0,0,0,0,0,0,0,0,0,0,0,0,0,0,0,0,0,0,0,0,0,0,0,0,0,0,0,0,0,0,0,0,0,0,0,0,0,0,0,0,0,0,0,0,0,0,0,0,0,0,0,0,0,0,0,0,0,0,0,0,0,0,0,0,0,0,0,0,0,0,0,0,0,0,0,0,0,0,0,0,0,0,0,0,0,0,0,0,0,0,0,0,0,0,0,0,0,0,0,0,0,0,0,0,0,0,0,0,0,0,0,0,0,0,0,0,0,0,0,0,0,0,0,0,0,0,0,0,0,0,0,0,0,0,0,0,0,0,0,0,0,0,0,0,0,0,0,0,0,0,0,0,0,0,0,0,0,0,0,0,0,0,0,0,0,0,0,0,0,0,0,0,0,0,0,0,0,0,0,0,0,0,0,0,0,0,0,0,0,0
0,0,0,0,0,0,0,0,0,0,0,0,0,0,0,0,0,0,0,0,0,0,0,0,0,0,0,0,0,0,0,0,0,0,0,0,0,0,0,0,0,0,0,0,0,0,0,0,0,0,0,0,0,0,0,0,0,0,0,0,0,0,0,0,0,0,0,0,0,0,0,0,0,0,0,0,0,0,0,0,0,0,0,0,0,0,0,0,0,0,0,0,0,0,0,0,0,0,0,0,0,0,0,0,0,0,0,0,0,0,0,0,0,0,0,0,0,0,0,0,0,0,0,0,0,0,0,0,0,0,0,0,0,0,0,0,0,0,0,0,0,0,0,0,0,0,0,0,0,0,0,0,0,0,0,0,0,0,0,0,0,0,0,0,0,0,0,0,0,0,0,0,0,0,0,0,0,0,0,0,0,0,0,0,0,0,0,0,0,0,0,0,0,0,0,0,0,0,0,0,0,0,0,0,0,0,0,0,0,0,0,0,0,0,0,0,0,0,0
0,0,0,0,0,0,0,0,0,0,0,0,0,0,0,0,0,0,0,0,0,0,0,0,0,0,0,0,0,0,0,0,0,0,0,0,0,0,0,0,0,0,0,0,0,0,0,0,0,0,0,0,0,0,0,0,0,0,0,0,0,0,0,0,0,0,0,0,0,0,0,0,0,0,0,0,0,0,0,0,0,0,0,0,0,0,0,0,0,0,0,0,0,0,0,0,0,0,0,0,0,0,0,0,0,0,0,0,0,0,0,0,0,0,0,0,0,0,0,0,0,0,0,0,0,0,0,0,0,0,0,0,0,0,0,0,0,0,0,0,0,0,0,0,0,0,0,0,0,0,0,0,0,0,0,0,0,0,0,0,0,0,0,0,0,0,0,0,0,0,0,0,0,0,0,0,0,0,0,0,0,0,0,0,0,0,0,0,0,0,0,0,0,0,0,0,0,0,0,0,0,0,0,0,0,0,0,0,0,0,0,0,0,0,0,0,0,0,0
0,0,0,0,0,0,0,0,0,0,0,0,0,0,0,0,0,0,0,0,0,0,0,0,0,0,0,0,0,0,0,0,0,0,0,0,0,0,0,0,0,0,0,0,0,0,0,0,0,0,0,0,0,0,0,0,0,0,0,0,0,0,0,0,0,0,0,0,0,0,0,0,0,0,0,0,0,0,0,0,0,0,0,0,0,0,0,0,0,0,0,0,0,0,0,0,0,0,0,0,0,0,0,0,0,0,0,0,0,0,0,0,0,0,0,0,0,0,0,0,0,0,0,0,0,0,0,0,0,0,0,0,0,0,0,0,0,0,0,0,0,0,0,0,0,0,0,0,0,0,0,0,0,0,0,0,0,0,0,0,0,0,0,0,0,0,0,0,0,0,0,0,0,0,0,0,0,0,0,0,0,0,0,0,0,0,0,0,0,0,0,0,0,0,0,0,0,0,0,0,0,0,0,0,0,0,0,0,0,0,0,0,0,0,0,0,0,0,0
0,0,0,0,0,0,0,0,0,0,0,0,0,0,0,0,0,0,0,0,0,0,0,0,0,0,0,0,0,0,0,0,0,0,0,0,0,0,0,0,0,0,0,0,0,0,0,0,0,0,0,0,0,0,0,0,0,0,0,0,0,0,0,0,0,0,0,0,0,0,0,0,0,0,0,0,0,0,0,0,0,0,0,0,0,0,0,0,0,0,0,0,0,0,0,0,0,0,0,0,0,0,0,0,0,0,0,0,0,0,0,0,0,0,0,0,0,0,0,0,0,0,0,0,0,0,0,0,0,0,0,0,0,0,0,0,0,0,0,0,0,0,0,0,0,0,0,0,0,0,0,0,0,0,0,0,0,0,0,0,0,0,0,0,0,0,0,0,0,0,0,0,0,0,0,0,0,0,0,0,0,0,0,0,0,0,0,0,0,0,0,0,0,0,0,0,0,0,0,0,0,0,0,0,0,0,0,0,0,0,0,0,0,0,0,0,0,0,0
0,0,0,0,0,0,0,0,0,0,0,0,0,0,0,0,0,0,0,0,0,0,0,0,0,0,0,0,0,0,0,0,0,0,0,0,0,0,0,0,0,0,0,0,0,0,0,0,0,0,0,0,0,0,0,0,0,0,0,0,0,0,0,0,0,0,0,0,0,0,0,0,0,0,0,0,0,0,0,0,0,0,0,0,0,0,0,0,0,0,0,0,0,0,0,0,0,0,0,0,0,0,0,0,0,0,0,0,0,0,0,0,0,0,0,0,0,0,0,0,0,0,0,0,0,0,0,0,0,0,0,0,0,0,0,0,0,0,0,0,0,0,0,0,0,0,0,0,0,0,0,0,0,0,0,0,0,0,0,0,0,0,0,0,0,0,0,0,0,0,0,0,0,0,0,0,0,0,0,0,0,0,0,0,0,0,0,0,0,0,0,0,0,0,0,0,0,0,0,0,0,0,0,0,0,0,0,0,0,0,0,0,0,0,0,0,0,0,0
0,0,0,0,0,0,0,0,0,0,0,0,0,0,0,0,0,0,0,0,0,0,0,0,0,0,0,0,0,0,0,0,0,0,0,0,0,0,0,0,0,0,0,0,0,0,0,0,0,0,0,0,0,0,0,0,0,0,0,0,0,0,0,0,0,0,0,0,0,0,0,0,0,0,0,0,0,0,0,0,0,0,0,0,0,0,0,0,0,0,0,0,0,0,0,0,0,0,0,0,0,0,0,0,0,0,0,0,0,0,0,0,0,0,0,0,0,0,0,0,0,0,0,0,0,0,0,0,0,0,0,0,0,0,0,0,0,0,0,0,0,0,0,0,0,0,0,0,0,0,0,0,0,0,0,0,0,0,0,0,0,0,0,0,0,0,0,0,0,0,0,0,0,0,0,0,0,0,0,0,0,0,0,0,0,0,0,0,0,0,0,0,0,0,0,0,0,0,0,0,0,0,0,0,0,0,0,0,0,0,0,0,0,0,0,0,0,0,0
0,0,0,0,0,0,0,0,0,0,0,0,0,0,0,0,0,0,0,0,0,0,0,0,0,0,0,0,0,0,0,0,0,0,0,0,0,0,0,0,0,0,0,0,0,0,0,0,0,0,0,0,0,0,0,0,0,0,0,0,0,0,0,0,0,0,0,0,0,0,0,0,0,0,0,0,0,0,0,0,0,0,0,0,0,0,0,0,0,0,0,0,0,0,0,0,0,0,0,0,0,0,0,0,0,0,0,0,0,0,0,0,0,0,0,0,0,0,0,0,0,0,0,0,0,0,0,0,0,0,0,0,0,0,0,0,0,0,0,0,0,0,0,0,0,0,0,0,0,0,0,0,0,0,0,0,0,0,0,0,0,0,0,0,0,0,0,0,0,0,0,0,0,0,0,0,0,0,0,0,0,0,0,0,0,0,0,0,0,0,0,0,0,0,0,0,0,0,0,0,0,0,0,0,0,0,0,0,0,0,0,0,0,0,0,0,0,0,0
0,0,0,0,0,0,0,0,0,0,0,0,0,0,0,0,0,0,0,0,0,0,0,0,0,0,0,0,0,0,0,0,0,0,0,0,0,0,0,0,0,0,0,0,0,0,0,0,0,0,0,0,0,0,0,0,0,0,0,0,0,0,0,0,0,0,0,0,0,0,0,0,0,0,0,0,0,0,0,0,0,0,0,0,0,0,0,0,0,0,0,0,0,0,0,0,0,0,0,0,0,0,0,0,0,0,0,0,0,0,0,0,0,0,0,0,0,0,0,0,0,0,0,0,0,0,0,0,0,0,0,0,0,0,0,0,0,0,0,0,0,0,0,0,0,0,0,0,0,0,0,0,0,0,0,0,0,0,0,0,0,0,0,0,0,0,0,0,0,0,0,0,0,0,0,0,0,0,0,0,0,0,0,0,0,0,0,0,0,0,0,0,0,0,0,0,0,0,0,0,0,0,0,0,0,0,0,0,0,0,0,0,0,0,0,0,0,0,0
0,0,0,0,0,0,0,0,0,0,0,0,0,0,0,0,0,0,0,0,0,0,0,0,0,0,0,0,0,0,0,0,0,0,0,0,0,0,0,0,0,0,0,0,0,0,0,0,0,0,0,0,0,0,0,0,0,0,0,0,0,0,0,0,0,0,0,0,0,0,0,0,0,0,0,0,0,0,0,0,0,0,0,0,0,0,0,0,0,0,0,0,0,0,0,0,0,0,0,0,0,0,0,0,0,0,0,0,0,0,0,0,0,0,0,0,0,0,0,0,0,0,0,0,0,0,0,0,0,0,0,0,0,0,0,0,0,0,0,0,0,0,0,0,0,0,0,0,0,0,0,0,0,0,0,0,0,0,0,0,0,0,0,0,0,0,0,0,0,0,0,0,0,0,0,0,0,0,0,0,0,0,0,0,0,0,0,0,0,0,0,0,0,0,0,0,0,0,0,0,0,0,0,0,0,0,0,0,0,0,0,0,0,0,0,0,0,0,0
0,0,0,0,0,0,0,0,0,0,0,0,0,0,0,0,0,0,0,0,0,0,0,0,0,0,0,0,0,0,0,0,0,0,0,0,0,0,0,0,0,0,0,0,0,0,0,0,0,0,0,0,0,0,0,0,0,0,0,0,0,0,0,0,0,0,0,0,0,0,0,0,0,0,0,0,0,0,0,0,0,0,0,0,0,0,0,0,0,0,0,0,0,0,0,0,0,0,0,0,0,0,0,0,0,0,0,0,0,0,0,0,0,0,0,0,0,0,0,0,0,0,0,0,0,0,0,0,0,0,0,0,0,0,0,0,0,0,0,0,0,0,0,0,0,0,0,0,0,0,0,0,0,0,0,0,0,0,0,0,0,0,0,0,0,0,0,0,0,0,0,0,0,0,0,0,0,0,0,0,0,0,0,0,0,0,0,0,0,0,0,0,0,0,0,0,0,0,0,0,0,0,0,0,0,0,0,0,0,0,0,0,0,0,0,0,0,0,0
0,0,0,0,0,0,0,0,0,0,0,53,57,58,66,71,73,84,91,99,99,99,99,98,98,97,97,97,96,103,102,102,90,90,90,90,90,89,89,89,88,90,83,100,100,100,100,100,96,96,96,96,101,93,93,110,110,110,110,110,110,110,103,93,93,93,93,93,93,93,93,93,93,93,93,93,93,93,93,93,93,93,93,93,93,93,93,93,93,93,93,93,96,96,96,96,101,107,98,104,104,104,104,104,102,102,102,102,102,102,102,102,111,94,95,95,95,95,95,95,95,95,94,89,89,89,89,89,89,89,89,89,89,75,76,76,76,76,76,76,76,76,76,87,87,87,87,87,87,87,87,87,87,87,87,88,88,88,88,88,88,88,88,88,81,81,81,81,82,82,82,81,81,81,95,95,95,95,95,95,95,95,95,95,95,95,95,95,0,0,0,0,0,0,0,0,0,0,0,0,0,0,0,0,0,0,0,0,0,0,0,0,0,0,0,0,0,0,0
0,0,0,0,0,0,0,0,0,0,0,65,77,76,65,65,77,76,75,66,106,86,106,76,66,84,84,84,84,84,84,84,75,75,75,75,75,75,75,75,110,75,89,89,106,105,105,75,70,70,70,75,75,75,75,82,82,82,82,82,82,79,75,82,82,79,79,70,70,75,86,81,81,84,84,84,85,86,86,84,86,82,86,86,86,87,84,98,85,69,69,69,70,70,73,73,73,73,73,73,73,72,72,68,68,67,67,67,68,68,68,77,77,77,77,77,75,62,62,52,62,52,52,72,72,72,54,54,54,54,54,54,54,68,67,67,67,67,67,67,68,68,64,56,56,57,54,57,70,70,69,69,69,69,69,71,71,71,71,57,57,57,54,54,78,77,77,77,77,77,77,77,77,77,77,76,77,77,77,77,78,67,91,91,91,93,93,71,0,0,0,0,0,0,0,0,0,0,0,0,0,0,0,0,0,0,0,0,0,0,0,0,0,0,0,0,0,0,0
0,0,0,0,0,0,0,0,0,0,0,150,150,150,154,154,154,154,156,156,168,154,158,156,154,156,156,154,156,156,156,185,185,154,154,154,166,153,167,167,167,158,168,158,158,159,159,159,166,166,166,157,166,160,160,167,160,158,145,141,160,160,155,171,151,154,167,167,151,148,159,159,169,111,110,141,155,156,169,168,185,156,190,163,190,154,171,168,168,170,177,112,122,170,168,173,170,168,169,202,181,202,202,165,202,171,171,168,173,178,189,190,189,189,176,178,178,204,197,190,201,201,186,197,191,191,165,165,164,185,185,186,186,45,187,189,200,192,189,191,192,187,191,191,188,186,186,186,189,187,193,187,186,187,187,174,174,174,187,209,187,195,187,180,167,167,167,183,170,183,183,183,182,184,165,94,170,167,169,167,168,166,167,167,167,167,173,168,0,0,0,0,0,0,0,0,0,0,0,0,0,0,0,0,0,0,0,0,0,0,0,0,0,0,0,0,0,0,0
0,0,0,0,0,0,0,0,0,0,0,155,175,175,156,154,180,155,181,179,181,175,182,193,193,193,185,185,193,184,185,170,170,188,197,158,188,185,188,188,158,185,193,156,156,157,188,185,185,158,122,182,185,185,188,191,191,190,190,190,190,190,190,191,190,190,190,190,190,190,190,190,190,190,192,192,196,198,198,168,198,204,190,202,202,202,198,198,202,205,198,171,204,170,204,198,198,204,204,198,204,202,204,204,204,204,204,202,206,210,204,212,211,212,212,211,210,212,212,213,190,190,198,201,201,201,212,201,206,201,206,201,190,48,165,201,191,201,199,201,191,197,197,191,191,191,191,196,195,193,193,199,210,205,210,211,206,206,214,206,209,209,210,210,208,195,180,180,195,195,184,171,187,195,191,95,187,187,168,192,187,187,187,195,187,187,184,195,0,0,0,0,0,0,0,0,0,0,0,0,0,0,0,0,0,0,0,0,0,0,0,0,0,0,0,0,0,0,0
0,0,0,0,0,0,0,0,0,0,0,155,154,156,155,182,162,162,162,162,162,174,185,188,188,188,188,184,184,186,185,188,187,188,189,187,185,185,186,187,187,188,188,169,189,189,188,188,189,189,166,185,190,190,190,190,191,191,191,191,190,191,191,190,190,190,190,189,189,189,189,189,188,190,188,185,189,191,209,218,217,205,202,198,190,202,203,203,203,196,203,167,170,204,202,202,202,202,202,202,204,204,204,204,205,204,202,202,208,210,209,209,212,212,210,212,212,213,213,213,211,210,208,204,204,199,199,197,197,190,191,198,191,74,165,194,197,188,190,194,188,187,191,190,197,199,200,198,191,197,193,197,205,197,210,206,210,210,208,212,210,210,210,209,210,208,209,203,202,202,201,203,200,195,108,95,190,187,193,194,196,199,201,201,197,200,186,201,0,0,0,0,0,0,0,0,0,0,0,0,0,0,0,0,0,0,0,0,0,0,0,0,0,0,0,0,0,0,0
0,0,0,0,0,0,0,0,0,0,0,154,154,156,153,154,160,161,160,161,161,172,185,192,185,188,188,183,185,185,185,192,189,189,190,188,189,190,191,192,193,193,193,191,193,193,193,193,156,188,185,185,193,193,194,193,195,194,195,195,195,196,193,194,191,191,191,195,189,168,184,194,187,173,169,145,174,152,168,203,202,190,194,202,190,202,183,191,202,202,202,169,169,200,200,202,202,202,202,204,201,202,202,206,205,203,206,209,210,211,211,212,211,212,213,211,212,213,214,213,213,211,208,202,200,201,200,197,201,198,199,196,198,70,132,191,189,190,189,189,191,189,196,189,191,193,193,198,195,194,206,206,220,220,197,209,211,211,214,207,217,214,214,210,208,207,203,202,201,187,200,187,187,198,112,93,194,200,203,202,204,204,204,204,193,201,195,204,0,0,0,0,0,0,0,0,0,0,0,0,0,0,0,0,0,0,0,0,0,0,0,0,0,0,0,0,0,0,0
0,0,0,0,0,0,0,0,0,0,0,153,156,156,164,164,164,164,165,164,164,173,185,192,184,184,182,185,185,185,187,188,189,190,191,192,194,194,196,196,196,196,194,197,194,189,197,182,131,153,139,185,196,196,196,193,196,190,193,196,196,191,187,183,187,196,197,197,197,195,170,174,166,146,142,142,155,148,169,123,192,169,190,179,160,188,191,201,178,176,200,169,185,197,196,196,202,202,202,204,202,202,204,205,206,210,210,211,210,211,211,213,213,214,211,213,215,215,215,214,214,209,207,201,197,197,197,199,198,197,195,195,163,52,201,181,189,188,188,190,191,190,197,191,191,191,201,194,197,205,214,218,210,217,209,210,214,211,214,217,210,210,208,208,195,204,204,198,201,198,200,198,200,194,117,49,195,201,201,202,205,206,206,206,206,206,204,206,0,0,0,0,0,0,0,0,0,0,0,0,0,0,0,0,0,0,0,0,0,0,0,0,0,0,0,0,0,0,0
0,0,0,0,0,0,0,0,0,0,0,165,164,168,166,175,166,175,175,182,183,179,185,183,185,185,192,189,190,191,192,193,194,197,193,193,198,200,200,200,200,200,200,199,199,193,193,182,166,166,185,168,186,194,194,194,187,194,195,200,195,173,161,170,161,191,195,169,190,142,169,91,148,121,116,153,136,137,152,169,168,169,171,181,190,191,179,160,178,202,198,205,160,196,202,202,204,202,204,202,204,204,204,207,206,208,210,211,204,211,210,211,212,209,204,211,213,213,212,215,214,210,207,201,198,199,199,198,197,197,197,194,193,165,191,190,193,197,197,190,199,193,197,193,193,200,198,206,210,206,206,196,210,211,212,211,216,214,211,214,211,210,208,206,194,200,199,198,190,196,195,194,190,195,170,187,191,196,198,197,199,201,201,201,201,201,195,196,0,0,0,0,0,0,0,0,0,0,0,0,0,0,0,0,0,0,0,0,0,0,0,0,0,0,0,0,0,0,0
0,0,0,0,0,0,0,0,0,0,0,177,156,174,175,179,179,185,185,188,185,185,188,184,191,192,193,193,193,192,198,198,199,199,199,197,200,200,200,200,200,200,199,196,185,200,192,185,161,166,157,158,153,166,170,185,196,190,190,186,168,108,168,160,136,150,195,154,191,118,110,115,111,149,121,122,155,122,121,139,164,166,151,175,190,189,178,164,202,202,202,184,205,202,202,204,200,203,206,206,206,206,206,205,206,208,209,204,210,211,212,212,211,212,211,211,214,215,214,214,209,206,204,204,202,201,201,200,201,193,201,191,197,201,200,191,201,195,206,206,200,194,193,196,193,204,213,213,214,214,216,212,212,213,213,211,214,213,210,210,209,209,208,202,195,199,199,195,196,194,194,194,193,193,184,184,191,191,195,191,191,187,187,187,187,188,187,187,0,0,0,0,0,0,0,0,0,0,0,0,0,0,0,0,0,0,0,0,0,0,0,0,0,0,0,0,0,0,0
0,0,0,0,0,0,0,0,0,0,0,182,182,182,182,184,185,184,192,183,193,193,192,190,192,193,199,199,193,199,199,198,198,198,197,192,192,196,192,192,192,195,185,168,156,188,185,174,152,154,109,109,158,155,168,169,155,110,191,126,91,128,107,110,109,135,143,118,128,110,74,138,84,86,122,121,109,112,136,135,152,155,159,174,180,170,178,169,176,159,199,202,204,198,196,202,200,202,208,209,210,210,210,205,204,210,204,211,212,213,213,214,214,215,215,215,216,215,216,213,210,206,203,203,201,201,201,201,203,201,201,211,197,206,201,201,202,215,215,215,215,215,204,204,212,214,191,214,214,214,216,213,213,212,212,209,211,210,208,207,207,206,204,199,199,195,195,194,194,193,192,192,191,191,191,191,191,191,190,190,180,187,186,187,187,179,183,186,0,0,0,0,0,0,0,0,0,0,0,0,0,0,0,0,0,0,0,0,0,0,0,0,0,0,0,0,0,0,0
0,0,0,0,0,0,0,0,0,0,0,185,185,185,185,185,183,178,193,179,190,191,192,192,198,193,200,200,198,198,198,196,193,192,188,193,192,163,163,162,185,167,166,132,167,96,155,157,135,98,112,101,109,153,108,129,158,149,155,159,97,93,93,93,92,102,99,93,121,124,109,110,98,121,109,106,110,113,137,119,139,155,121,144,169,142,177,188,178,170,179,210,205,205,196,198,200,206,211,212,213,213,213,212,211,212,212,215,213,212,213,212,214,214,214,214,213,208,213,207,206,204,203,201,201,201,206,201,205,206,203,211,214,215,216,213,217,216,216,217,218,215,215,215,213,206,213,213,212,212,211,211,211,210,208,207,206,209,206,205,203,201,196,195,194,194,194,193,192,191,190,187,187,189,187,188,188,187,186,187,187,180,187,168,180,167,168,167,0,0,0,0,0,0,0,0,0,0,0,0,0,0,0,0,0,0,0,0,0,0,0,0,0,0,0,0,0,0,0
0,0,0,0,0,0,0,0,0,0,0,153,193,193,185,185,191,191,193,191,191,192,193,193,193,199,199,197,198,189,185,185,185,182,185,185,184,157,158,168,155,98,128,127,110,91,96,126,97,91,91,91,96,90,105,93,93,159,168,96,91,93,93,109,96,93,93,110,95,121,93,111,99,150,109,104,122,106,121,107,121,112,110,110,121,121,126,119,165,171,202,178,202,202,176,187,200,202,202,209,213,211,213,213,212,212,213,215,215,213,213,216,216,217,217,216,217,216,207,204,203,203,203,201,201,200,197,201,204,197,197,194,200,200,200,213,213,202,213,209,193,212,193,193,213,213,211,210,211,210,193,208,207,206,205,205,204,207,202,200,197,194,193,190,190,189,187,186,187,186,187,187,186,186,180,180,180,180,176,175,174,173,170,174,173,168,166,166,0,0,0,0,0,0,0,0,0,0,0,0,0,0,0,0,0,0,0,0,0,0,0,0,0,0,0,0,0,0,0
0,0,0,0,0,0,0,0,0,0,0,171,182,185,155,185,185,179,178,158,156,174,182,184,179,182,156,178,177,158,155,183,189,189,162,161,158,156,111,96,102,122,126,123,111,92,91,111,111,83,83,89,83,86,84,82,82,82,102,85,102,93,85,86,88,86,93,87,93,95,92,93,94,94,95,91,104,110,98,113,101,135,104,106,109,122,114,138,176,133,167,143,169,178,191,193,182,200,207,202,206,208,211,213,213,214,217,211,210,213,213,214,214,213,213,213,212,210,206,206,204,203,203,203,203,201,202,201,203,204,201,208,197,214,209,207,203,203,210,197,210,210,193,194,197,209,196,208,208,207,204,206,206,206,199,203,201,197,195,192,193,188,187,185,186,185,180,180,175,174,169,169,177,173,168,170,174,174,167,173,154,173,154,169,170,170,154,154,0,0,0,0,0,0,0,0,0,0,0,0,0,0,0,0,0,0,0,0,0,0,0,0,0,0,0,0,0,0,0
0,0,0,0,0,0,0,0,0,0,0,154,92,159,154,152,151,154,151,119,156,149,155,153,158,166,97,154,100,157,147,152,115,113,112,114,159,146,111,98,100,99,91,97,91,92,91,121,96,156,93,96,93,96,89,89,88,96,122,88,89,85,89,93,91,93,93,93,93,93,95,93,122,93,97,96,99,98,98,99,100,113,102,100,105,107,111,154,111,179,169,111,121,181,179,179,194,204,214,201,212,213,211,217,216,213,213,213,213,213,213,213,213,212,210,209,208,206,206,205,204,203,203,203,203,201,203,203,204,204,204,205,201,201,206,206,207,207,201,197,207,207,206,206,205,198,197,197,196,193,198,201,197,197,197,195,193,193,191,191,190,189,187,187,187,187,186,185,187,187,187,187,187,187,187,187,187,167,170,169,160,160,177,170,174,166,166,167,0,0,0,0,0,0,0,0,0,0,0,0,0,0,0,0,0,0,0,0,0,0,0,0,0,0,0,0,0,0,0
0,0,0,0,0,0,0,0,0,0,0,140,65,83,94,83,127,103,152,94,96,87,91,96,95,99,100,98,96,96,96,96,123,123,124,96,105,111,103,93,121,101,107,96,93,98,96,95,119,110,97,93,107,109,101,110,97,97,93,93,93,91,91,96,93,93,93,93,93,94,93,95,95,94,95,94,95,95,96,96,116,96,106,95,104,109,98,98,121,128,154,121,165,146,167,178,204,213,209,201,215,213,215,212,216,213,213,212,212,212,212,211,211,209,208,207,207,206,205,204,204,204,204,204,204,204,205,205,206,205,206,206,206,201,206,206,206,206,198,206,206,205,205,204,203,199,201,201,197,195,197,199,195,193,194,193,191,192,190,190,189,188,187,188,188,188,188,188,189,189,189,189,188,188,189,189,189,187,188,187,185,183,187,186,183,186,180,171,0,0,0,0,0,0,0,0,0,0,0,0,0,0,0,0,0,0,0,0,0,0,0,0,0,0,0,0,0,0,0
0,0,0,0,0,0,0,0,0,0,0,91,88,88,77,66,96,66,120,66,64,66,100,94,93,96,91,96,100,94,110,96,99,123,91,96,93,123,95,96,97,121,96,97,96,100,93,99,151,99,103,98,98,101,97,122,109,97,98,98,101,100,101,109,93,93,93,93,93,89,93,93,95,93,93,97,96,96,96,103,95,111,100,99,99,110,102,110,106,107,121,122,136,122,145,158,204,204,197,210,212,212,216,212,213,213,211,212,211,211,211,210,210,210,209,209,208,208,204,204,209,207,207,207,207,207,207,207,205,204,207,207,207,207,206,206,209,209,198,204,203,199,202,203,200,201,200,197,196,193,193,195,193,192,191,191,191,190,190,193,190,191,190,193,190,191,190,190,190,190,191,191,190,190,190,190,190,190,190,190,190,190,190,189,187,187,186,187,0,0,0,0,0,0,0,0,0,0,0,0,0,0,0,0,0,0,0,0,0,0,0,0,0,0,0,0,0,0,0
0,0,0,0,0,0,0,0,0,0,0,64,65,63,63,64,75,67,67,74,65,65,68,65,68,90,83,83,87,96,92,96,98,98,102,96,96,88,108,92,158,92,93,92,96,110,109,95,96,91,91,95,96,156,93,93,111,93,93,90,93,89,93,93,93,93,86,105,103,88,85,93,92,93,92,87,84,92,93,111,110,94,112,97,112,102,155,107,109,122,121,109,121,116,112,144,159,202,199,210,212,212,212,214,214,213,213,212,213,214,213,213,213,213,212,213,213,212,210,209,209,209,211,210,208,208,208,208,208,207,207,207,207,207,206,207,206,206,206,205,205,204,203,199,201,201,205,199,198,197,201,197,194,193,192,192,191,191,191,191,191,191,192,192,192,192,193,193,193,194,193,194,194,194,195,195,195,195,195,197,197,195,196,195,195,195,195,193,0,0,0,0,0,0,0,0,0,0,0,0,0,0,0,0,0,0,0,0,0,0,0,0,0,0,0,0,0,0,0
0,0,0,0,0,0,0,0,0,0,0,56,56,57,57,53,56,66,66,66,66,60,59,63,73,66,65,65,58,79,81,90,58,101,91,88,90,96,90,93,89,95,96,90,90,96,89,97,91,87,96,88,95,97,95,97,105,87,86,85,85,86,86,93,88,93,93,93,106,104,93,93,86,110,109,109,121,109,110,110,109,110,110,109,112,114,111,111,111,110,109,126,114,116,123,114,111,146,205,202,198,204,205,206,213,204,210,209,206,211,206,211,212,207,209,208,206,208,201,201,205,201,201,206,207,207,206,206,206,205,205,204,204,204,204,204,204,204,204,204,203,203,199,204,204,204,200,200,199,201,201,193,193,195,195,195,195,195,195,195,195,195,195,195,195,194,194,194,194,195,196,197,196,195,196,196,195,195,194,196,195,196,197,196,197,195,197,197,0,0,0,0,0,0,0,0,0,0,0,0,0,0,0,0,0,0,0,0,0,0,0,0,0,0,0,0,0,0,0
0,0,0,0,0,0,0,0,0,0,0,70,55,56,56,56,58,60,72,59,59,68,60,57,65,58,62,62,65,62,65,65,79,95,86,96,111,104,90,96,96,96,91,89,91,93,91,99,90,91,93,104,91,98,96,93,85,86,96,84,85,84,85,88,93,92,110,104,102,103,106,110,121,120,128,126,144,125,121,121,120,117,121,111,114,117,112,121,113,111,120,123,111,136,114,110,135,139,175,204,202,212,202,202,192,198,202,202,205,202,207,206,206,201,206,202,201,201,201,193,197,201,201,204,205,205,205,204,203,203,202,202,202,202,202,202,202,202,202,203,202,203,199,199,199,199,201,201,200,201,198,199,199,201,201,201,202,201,199,199,198,198,198,197,198,198,199,201,199,199,199,199,199,199,198,199,195,198,199,199,200,195,192,200,201,192,195,199,0,0,0,0,0,0,0,0,0,0,0,0,0,0,0,0,0,0,0,0,0,0,0,0,0,0,0,0,0,0,0
0,0,0,0,0,0,0,0,0,0,0,55,52,63,53,56,70,70,70,56,57,57,57,57,53,58,58,60,64,61,63,65,62,62,70,88,91,93,87,89,93,93,90,91,95,96,96,92,91,93,96,85,87,96,91,93,85,98,96,87,88,88,99,105,93,104,106,106,106,109,110,109,110,112,121,110,168,69,110,110,113,122,122,109,109,109,110,113,104,123,123,106,108,109,121,103,110,122,128,168,187,178,187,187,179,178,188,187,187,206,182,169,169,155,186,186,206,187,186,201,206,201,197,203,203,204,205,205,205,204,204,203,202,201,201,202,202,202,202,202,202,202,209,209,208,204,208,203,203,202,202,199,199,198,199,203,204,201,201,202,201,201,201,201,200,200,199,200,200,200,199,193,193,193,199,193,193,199,199,185,191,194,193,194,199,194,193,199,0,0,0,0,0,0,0,0,0,0,0,0,0,0,0,0,0,0,0,0,0,0,0,0,0,0,0,0,0,0,0
0,0,0,0,0,0,0,0,0,0,0,54,48,56,50,51,55,58,56,58,56,55,52,53,53,53,53,60,62,58,60,61,58,64,70,67,81,65,94,110,86,86,99,91,96,90,89,97,91,88,96,86,94,111,104,83,89,84,93,100,95,93,109,109,106,93,110,109,101,118,122,108,109,139,110,110,121,109,111,108,110,110,104,105,111,110,104,117,117,105,111,115,111,104,93,92,98,120,130,179,169,179,178,179,179,170,178,178,159,169,181,161,149,164,161,210,169,178,184,206,210,201,199,198,201,203,204,206,204,204,204,203,202,201,201,201,201,201,200,199,199,199,201,201,196,195,199,200,200,201,201,201,202,202,202,202,202,202,203,199,203,203,203,203,202,201,201,202,201,200,200,198,199,199,201,200,198,200,195,195,195,199,199,193,198,198,197,196,0,0,0,0,0,0,0,0,0,0,0,0,0,0,0,0,0,0,0,0,0,0,0,0,0,0,0,0,0,0,0
0,0,0,0,0,0,0,0,0,0,0,28,46,51,47,47,49,55,55,48,48,50,50,55,51,52,52,54,56,56,65,60,62,62,65,62,71,85,79,110,90,87,88,95,87,87,105,86,104,87,105,103,109,85,81,86,86,90,90,105,98,86,93,93,103,93,93,94,121,93,110,110,97,93,122,121,120,105,111,121,110,104,109,121,110,112,110,121,121,110,111,110,112,111,112,110,111,143,165,171,187,185,185,178,179,170,169,187,169,155,159,169,160,184,169,163,166,170,136,201,213,186,168,197,197,199,203,204,204,205,205,201,203,200,202,201,201,200,200,198,198,205,199,199,202,202,202,202,202,202,203,203,203,204,204,204,205,206,206,207,207,206,204,199,203,202,202,202,202,202,202,202,202,202,199,202,202,202,201,201,199,201,196,200,199,199,199,197,0,0,0,0,0,0,0,0,0,0,0,0,0,0,0,0,0,0,0,0,0,0,0,0,0,0,0,0,0,0,0
0,0,0,0,0,0,0,0,0,0,0,23,32,35,26,33,46,45,46,46,47,55,50,50,51,52,53,56,53,56,55,60,58,62,62,83,82,71,93,87,87,86,96,91,99,87,86,97,105,98,88,93,90,82,87,86,104,84,84,81,81,81,87,82,82,82,88,85,89,93,93,93,110,104,108,93,99,106,110,93,109,108,110,104,110,111,110,115,111,121,112,109,122,122,129,131,169,188,178,176,179,168,169,171,158,165,161,155,156,167,158,178,163,168,119,158,168,169,159,167,169,155,175,174,185,182,201,199,204,205,205,206,204,204,203,201,199,200,202,203,204,204,201,201,200,198,204,204,204,203,203,199,201,198,199,206,204,207,207,207,208,206,205,205,205,205,205,205,202,205,205,205,204,201,202,202,205,205,205,205,205,202,203,202,201,200,199,198,0,0,0,0,0,0,0,0,0,0,0,0,0,0,0,0,0,0,0,0,0,0,0,0,0,0,0,0,0,0,0
0,0,0,0,0,0,0,0,0,0,0,34,49,45,30,36,48,56,56,51,52,56,55,55,54,55,55,55,54,54,60,57,62,60,61,62,63,65,64,62,85,65,93,93,91,93,89,91,93,91,87,111,89,93,104,100,103,89,89,91,93,104,88,91,92,103,104,103,104,103,93,94,92,88,104,93,91,109,110,96,102,111,111,112,112,109,129,132,122,109,121,122,123,174,171,168,171,191,191,187,166,178,165,169,171,171,171,164,189,171,155,145,167,128,120,119,131,152,159,161,168,145,159,174,175,197,201,201,202,203,205,206,206,205,205,206,206,206,204,206,205,198,201,198,206,205,207,207,207,205,199,199,205,208,208,203,203,203,207,207,207,206,206,206,206,205,206,206,204,206,206,206,206,206,206,205,205,205,204,204,203,203,195,196,201,200,199,198,0,0,0,0,0,0,0,0,0,0,0,0,0,0,0,0,0,0,0,0,0,0,0,0,0,0,0,0,0,0,0
0,0,0,0,0,0,0,0,0,0,0,56,56,55,65,52,56,56,56,55,56,56,60,57,58,65,59,57,57,57,57,57,58,60,61,62,60,64,64,62,79,86,90,91,83,79,79,79,91,84,89,93,96,96,93,93,93,96,96,96,95,97,116,94,93,91,93,93,110,93,93,93,93,93,93,107,102,99,110,110,110,109,113,109,110,110,133,115,122,119,122,122,113,161,184,172,196,197,188,198,189,162,191,144,169,184,178,171,188,168,140,169,110,121,120,122,122,122,122,106,121,125,166,174,174,173,186,197,201,198,201,202,201,204,208,209,209,209,209,210,208,206,205,204,210,210,209,209,210,208,199,210,210,210,209,208,207,207,207,206,206,206,206,206,206,206,206,206,206,206,206,206,205,205,205,205,204,204,200,200,203,202,202,202,200,200,197,198,0,0,0,0,0,0,0,0,0,0,0,0,0,0,0,0,0,0,0,0,0,0,0,0,0,0,0,0,0,0,0
0,0,0,0,0,0,0,0,0,0,0,61,61,58,58,59,65,62,61,65,62,62,62,62,62,62,66,65,62,62,59,60,63,62,59,64,65,64,60,62,62,62,86,104,99,83,85,80,83,105,91,93,104,105,103,99,100,100,101,91,111,102,100,93,107,97,93,95,100,95,103,109,93,93,110,109,110,121,106,103,123,127,121,107,110,127,110,112,120,164,111,121,114,156,179,174,170,168,131,158,162,146,172,158,159,144,169,165,169,141,169,143,108,102,123,118,121,108,108,121,99,169,121,148,158,157,174,185,182,197,201,199,201,207,208,210,210,211,211,211,205,204,208,199,211,211,211,212,198,198,211,212,212,208,210,208,208,208,207,206,207,207,206,205,204,204,204,204,204,204,203,195,195,195,202,201,199,198,201,201,201,201,200,200,200,200,197,201,0,0,0,0,0,0,0,0,0,0,0,0,0,0,0,0,0,0,0,0,0,0,0,0,0,0,0,0,0,0,0
0,0,0,0,0,0,0,0,0,0,0,56,56,62,62,62,63,67,65,65,63,64,64,64,63,63,62,71,65,66,60,60,59,59,59,59,60,59,63,59,58,59,62,62,86,77,80,91,105,93,93,100,98,99,101,101,103,102,111,92,91,101,95,93,93,93,99,106,99,110,110,109,111,111,120,121,112,110,130,127,113,129,120,105,120,121,121,110,112,121,121,111,109,122,144,158,141,148,142,122,122,153,165,143,151,159,120,159,122,158,142,118,121,114,100,100,122,100,122,122,96,155,122,144,123,195,161,169,174,175,197,182,201,205,210,212,213,208,208,213,205,206,209,214,214,205,214,215,216,215,212,212,212,211,208,205,205,203,202,202,201,202,202,200,200,199,199,199,199,200,200,199,199,199,199,200,200,200,200,201,201,202,202,203,199,199,201,203,0,0,0,0,0,0,0,0,0,0,0,0,0,0,0,0,0,0,0,0,0,0,0,0,0,0,0,0,0,0,0
0,0,0,0,0,0,0,0,0,0,0,56,55,56,65,61,65,68,66,67,64,63,61,60,60,58,58,61,61,61,57,57,57,57,58,57,58,58,61,60,62,61,62,61,63,99,98,83,93,98,93,89,88,110,93,91,96,93,95,98,93,89,92,91,93,93,93,98,110,110,110,110,110,110,110,110,110,111,102,153,126,142,109,101,109,103,109,121,110,110,100,109,111,110,114,142,131,121,122,121,121,142,143,121,157,118,114,128,114,120,112,117,122,119,104,100,102,99,121,122,105,120,123,122,102,137,175,174,168,184,182,205,205,208,214,215,215,212,211,215,215,216,216,217,216,216,214,213,211,211,207,206,206,206,205,203,199,200,200,199,199,199,199,199,199,199,199,199,199,200,200,200,201,199,201,199,203,202,203,202,201,201,200,205,205,205,205,204,0,0,0,0,0,0,0,0,0,0,0,0,0,0,0,0,0,0,0,0,0,0,0,0,0,0,0,0,0,0,0
0,0,0,0,0,0,0,0,0,0,0,54,56,55,56,59,76,76,62,59,59,56,54,53,54,53,54,52,53,53,53,53,52,57,54,54,55,58,62,84,81,105,70,99,77,86,93,83,98,104,100,96,89,88,93,91,91,93,92,88,93,85,89,84,84,85,93,90,87,87,89,86,85,85,93,93,111,109,93,91,109,110,109,95,96,103,98,103,99,105,120,122,109,109,113,148,139,116,122,146,162,141,172,154,140,160,123,119,116,119,122,122,119,110,110,113,104,122,102,110,119,116,122,128,122,118,174,175,183,201,201,201,202,216,215,215,215,214,215,214,217,216,202,216,213,216,212,208,204,204,204,203,204,203,206,204,204,203,204,204,205,205,204,203,204,204,204,204,205,203,203,204,204,204,204,204,204,204,204,204,205,205,206,206,205,205,205,204,0,0,0,0,0,0,0,0,0,0,0,0,0,0,0,0,0,0,0,0,0,0,0,0,0,0,0,0,0,0,0
0,0,0,0,0,0,0,0,0,0,0,54,54,53,53,56,75,65,55,54,54,53,53,55,55,54,53,54,54,55,53,55,60,56,60,56,59,59,85,82,70,71,84,80,105,80,91,110,93,96,95,99,89,91,103,102,98,93,93,87,89,104,86,86,87,88,87,86,82,82,83,80,80,79,99,107,110,90,81,83,85,102,110,109,101,104,126,102,109,112,115,121,108,121,112,122,132,154,156,162,162,170,141,122,112,134,144,171,148,108,106,122,102,100,100,100,149,101,118,99,105,106,110,128,122,109,117,155,201,201,201,205,212,216,216,215,215,214,215,219,216,220,220,212,209,211,206,206,205,205,206,205,205,205,206,204,202,205,205,199,205,205,205,206,199,206,205,199,204,203,204,204,204,204,204,205,205,203,204,204,204,204,199,197,197,204,204,204,0,0,0,0,0,0,0,0,0,0,0,0,0,0,0,0,0,0,0,0,0,0,0,0,0,0,0,0,0,0,0
0,0,0,0,0,0,0,0,0,0,0,51,51,52,53,55,56,54,53,53,53,53,54,54,54,54,55,54,53,55,54,54,55,54,55,55,55,56,57,63,61,61,81,59,63,62,85,98,86,110,93,93,106,93,90,89,90,92,90,90,92,93,89,89,89,88,85,83,84,85,84,80,81,80,80,81,81,83,110,105,110,105,89,94,92,103,98,96,98,104,112,116,120,111,111,114,110,149,122,166,141,155,135,112,142,132,149,159,120,100,97,103,99,104,100,102,100,100,100,100,95,121,106,107,123,128,119,118,201,213,201,201,222,218,166,218,213,217,222,218,215,218,214,213,209,205,205,204,208,208,208,208,204,208,207,204,204,205,198,198,206,207,205,207,204,207,205,204,203,203,203,202,202,202,202,202,202,201,204,204,196,195,196,196,196,202,202,198,0,0,0,0,0,0,0,0,0,0,0,0,0,0,0,0,0,0,0,0,0,0,0,0,0,0,0,0,0,0,0
0,0,0,0,0,0,0,0,0,0,0,54,54,48,49,52,52,50,50,50,50,50,50,50,51,54,49,52,51,58,52,55,52,56,54,53,54,54,55,57,57,57,58,59,61,62,61,99,85,93,105,89,91,98,92,94,93,91,93,96,96,103,98,86,96,96,95,81,83,84,81,82,80,80,80,80,81,82,83,83,85,85,88,88,87,87,103,113,104,103,95,109,101,121,102,114,123,112,116,127,110,99,102,117,120,153,122,101,99,96,94,96,111,94,94,93,93,100,122,100,100,100,102,99,108,115,118,121,175,198,204,197,180,201,214,200,205,205,213,215,215,215,215,215,210,214,213,212,204,204,205,209,210,208,209,208,208,208,208,208,208,207,207,204,204,206,204,205,206,205,205,205,205,206,204,204,206,206,206,206,205,205,204,206,203,203,204,204,0,0,0,0,0,0,0,0,0,0,0,0,0,0,0,0,0,0,0,0,0,0,0,0,0,0,0,0,0,0,0
0,0,0,0,0,0,0,0,0,0,0,42,42,47,43,52,45,45,46,46,47,47,46,47,50,47,48,49,51,51,51,52,53,51,52,54,54,54,55,56,57,58,57,61,61,60,63,85,105,86,92,87,91,90,92,92,90,90,92,96,100,96,109,91,95,81,81,81,81,80,80,80,80,80,80,80,80,80,80,81,83,84,83,100,85,87,95,93,93,105,92,94,94,120,109,105,98,110,122,109,115,96,107,97,104,100,100,102,99,95,94,97,96,93,92,100,99,90,100,90,104,93,100,114,98,115,120,122,132,174,185,201,178,205,197,214,205,211,213,216,216,222,219,218,218,218,212,215,210,215,209,213,211,215,210,210,209,210,209,208,207,204,206,207,206,206,207,207,205,204,207,208,208,211,208,210,210,210,214,209,209,211,213,210,210,210,210,210,0,0,0,0,0,0,0,0,0,0,0,0,0,0,0,0,0,0,0,0,0,0,0,0,0,0,0,0,0,0,0
0,0,0,0,0,0,0,0,0,0,0,42,42,42,42,42,43,44,44,44,44,44,44,44,46,52,46,47,48,47,52,49,48,58,54,53,53,53,54,54,54,55,56,58,59,60,65,85,89,93,87,88,87,91,93,92,91,91,92,96,94,93,90,84,83,83,80,80,80,80,79,79,79,79,80,80,80,80,80,81,83,84,100,100,85,86,86,87,94,103,100,110,100,94,101,104,102,107,112,106,110,115,100,100,99,98,102,92,91,92,91,91,100,99,91,100,92,122,99,93,100,100,95,100,121,107,121,115,111,120,174,174,199,205,197,196,205,204,201,209,205,218,218,219,219,216,209,215,215,214,212,211,210,210,209,207,207,207,207,207,207,204,206,208,208,207,209,210,209,209,210,211,211,212,211,212,212,211,214,214,214,214,213,213,213,213,213,213,0,0,0,0,0,0,0,0,0,0,0,0,0,0,0,0,0,0,0,0,0,0,0,0,0,0,0,0,0,0,0
0,0,0,0,0,0,0,0,0,0,0,52,55,55,44,44,44,44,55,44,44,45,45,45,45,45,53,48,53,45,49,48,47,50,48,59,59,57,55,54,56,56,59,59,61,62,62,62,77,97,97,92,94,96,91,90,92,94,93,93,93,92,98,93,82,81,81,80,80,80,80,80,80,80,81,80,80,81,81,81,82,83,84,95,100,84,100,90,103,107,109,90,90,90,90,96,88,109,104,100,107,107,89,89,100,92,94,100,92,107,91,102,100,100,104,119,104,105,100,100,99,99,99,96,102,96,100,99,121,100,114,117,168,180,157,199,201,175,205,204,201,205,211,211,212,213,212,212,212,213,209,210,212,212,209,210,210,210,211,207,207,207,207,212,209,209,209,212,210,212,212,212,212,212,212,211,211,211,211,211,211,210,210,210,210,210,211,210,0,0,0,0,0,0,0,0,0,0,0,0,0,0,0,0,0,0,0,0,0,0,0,0,0,0,0,0,0,0,0
0,0,0,0,0,0,0,0,0,0,0,55,44,49,44,55,48,49,43,43,55,43,43,44,54,44,44,45,45,44,50,52,47,47,48,53,54,57,58,57,55,56,57,62,62,88,65,78,77,100,97,93,110,99,92,97,86,98,89,89,97,96,96,85,80,80,79,79,79,80,80,80,80,80,110,80,80,80,81,81,81,83,83,83,83,84,95,95,99,95,99,101,98,87,86,102,110,95,99,109,90,88,97,102,103,92,99,96,100,94,92,93,92,90,91,121,121,91,98,100,113,105,100,99,110,100,108,102,102,108,106,108,158,177,137,176,204,205,204,207,205,210,210,211,212,213,213,213,212,213,212,212,212,210,210,213,213,212,212,212,212,212,212,212,212,212,211,211,210,210,210,210,210,211,211,210,211,210,211,210,210,210,210,214,210,210,209,209,0,0,0,0,0,0,0,0,0,0,0,0,0,0,0,0,0,0,0,0,0,0,0,0,0,0,0,0,0,0,0
0,0,0,0,0,0,0,0,0,0,0,46,54,47,49,49,49,49,48,55,55,55,47,48,47,48,53,53,54,59,54,54,58,53,59,58,58,59,57,57,56,57,59,61,62,62,62,62,81,85,82,78,91,112,105,93,91,95,80,77,77,88,91,78,79,79,79,78,78,78,79,79,79,79,80,79,79,79,87,96,80,80,80,81,81,80,80,85,80,81,94,105,92,82,82,83,84,84,101,86,85,100,89,108,101,95,96,96,100,100,100,100,99,100,95,102,122,100,100,100,100,99,100,99,95,97,99,99,102,117,117,129,136,121,171,196,201,180,190,201,207,208,210,211,213,214,214,214,213,213,213,212,212,212,212,212,212,212,212,212,212,212,212,212,212,212,212,211,211,211,210,211,211,211,210,211,210,210,210,210,210,210,214,214,211,212,210,211,0,0,0,0,0,0,0,0,0,0,0,0,0,0,0,0,0,0,0,0,0,0,0,0,0,0,0,0,0,0,0
0,0,0,0,0,0,0,0,0,0,0,46,46,53,51,52,54,54,53,53,54,54,50,50,54,50,50,54,54,58,54,54,59,59,55,59,55,55,57,58,58,58,58,60,65,61,62,62,82,85,82,74,85,98,90,86,84,81,96,76,92,85,77,78,78,78,78,78,78,77,78,78,78,78,84,78,79,79,79,79,79,79,79,79,79,79,79,80,79,80,80,92,102,81,81,81,82,81,82,84,84,98,86,87,92,92,94,93,99,100,99,99,100,98,97,100,100,99,100,99,96,123,102,95,100,94,100,95,100,108,107,108,104,109,134,137,197,138,189,201,182,199,200,205,211,213,213,214,213,212,211,212,212,211,211,212,211,211,211,211,211,211,211,211,212,212,211,211,211,211,211,211,210,209,210,210,210,210,210,210,211,210,212,210,212,210,209,210,0,0,0,0,0,0,0,0,0,0,0,0,0,0,0,0,0,0,0,0,0,0,0,0,0,0,0,0,0,0,0
0,0,0,0,0,0,0,0,0,0,0,49,43,47,47,55,54,54,54,54,53,54,54,56,58,58,57,58,58,56,56,60,62,60,62,60,60,59,62,64,54,57,57,58,59,59,60,59,61,63,61,69,73,84,84,84,84,80,74,76,89,92,77,77,78,83,77,78,78,78,78,78,78,78,78,78,78,78,78,78,78,78,79,79,79,79,79,80,80,80,81,80,80,80,81,81,82,82,81,82,82,82,83,84,98,87,90,87,100,88,89,100,99,90,104,99,90,105,99,91,109,122,107,91,100,89,101,100,108,121,107,112,100,109,128,141,190,127,149,181,166,201,199,204,204,205,211,213,212,211,211,212,211,211,211,211,211,211,210,213,211,211,211,211,211,210,210,210,210,209,209,208,208,208,208,208,208,204,208,204,205,204,208,208,200,209,208,207,0,0,0,0,0,0,0,0,0,0,0,0,0,0,0,0,0,0,0,0,0,0,0,0,0,0,0,0,0,0,0
0,0,0,0,0,0,0,0,0,0,0,49,48,48,48,50,55,54,57,54,53,54,54,58,60,54,60,57,58,58,58,57,59,58,59,58,58,58,58,68,57,57,57,57,57,58,58,58,58,59,59,61,62,69,71,81,73,73,73,73,75,83,77,77,77,78,77,77,77,77,77,77,77,78,78,78,78,78,77,77,78,78,78,78,78,78,78,79,79,80,81,80,80,81,81,81,102,81,80,80,80,80,81,81,82,84,84,83,82,85,100,88,88,108,100,92,101,99,100,107,99,99,93,106,100,99,100,98,97,102,100,119,100,118,112,128,137,187,137,175,143,198,184,175,205,207,209,213,213,214,212,210,210,211,211,211,211,211,211,211,213,211,211,210,209,208,209,211,210,210,209,208,208,208,207,208,208,199,208,208,208,208,208,208,208,208,207,201,0,0,0,0,0,0,0,0,0,0,0,0,0,0,0,0,0,0,0,0,0,0,0,0,0,0,0,0,0,0,0
0,0,0,0,0,0,0,0,0,0,0,48,49,48,55,56,54,55,56,53,62,58,58,57,61,59,59,61,62,60,58,58,58,54,57,58,56,56,56,55,55,55,55,55,55,55,58,55,55,55,55,56,58,67,69,71,72,72,70,72,72,74,74,76,77,77,77,76,77,77,77,77,77,78,78,78,77,78,83,78,78,78,78,78,78,78,78,79,79,80,80,80,80,80,80,80,89,89,80,80,79,79,79,79,80,81,80,81,95,83,85,86,85,86,99,94,85,100,86,99,109,105,97,97,97,97,95,97,91,93,100,104,100,105,99,112,128,136,157,99,175,192,184,174,181,205,205,210,212,211,216,213,213,212,212,212,212,212,211,213,212,211,211,210,210,210,210,210,209,209,208,208,208,208,208,209,199,208,207,207,206,206,205,204,203,201,199,204,0,0,0,0,0,0,0,0,0,0,0,0,0,0,0,0,0,0,0,0,0,0,0,0,0,0,0,0,0,0,0
0,0,0,0,0,0,0,0,0,0,0,48,48,48,48,54,56,58,58,62,73,56,61,52,57,57,60,59,58,58,56,56,57,57,57,58,54,55,53,54,53,53,54,54,54,54,54,54,54,55,55,55,55,58,59,70,71,72,72,72,73,75,74,75,76,77,76,77,77,77,81,77,77,77,78,78,78,85,78,78,78,78,78,78,78,78,78,79,79,79,80,80,80,80,80,89,81,81,88,81,81,80,81,81,81,81,81,81,95,98,96,100,85,84,95,93,99,99,116,100,98,97,98,107,89,89,99,98,90,92,92,102,102,99,99,100,109,110,127,187,136,190,182,175,199,198,205,210,210,212,214,211,213,212,212,213,212,212,211,211,211,211,211,210,211,210,210,209,209,209,208,208,208,208,208,208,207,206,205,204,203,204,204,201,203,203,196,201,0,0,0,0,0,0,0,0,0,0,0,0,0,0,0,0,0,0,0,0,0,0,0,0,0,0,0,0,0,0,0
0,0,0,0,0,0,0,0,0,0,0,29,29,29,29,48,54,54,49,55,55,50,49,50,54,54,54,54,54,58,51,51,52,52,59,52,52,52,52,52,54,52,54,53,52,54,53,53,53,53,54,54,54,57,57,64,68,69,70,69,71,73,71,74,74,73,73,75,76,76,76,76,76,76,76,77,77,77,77,77,77,78,77,77,78,78,78,78,78,78,78,79,79,79,79,105,80,81,84,82,88,81,82,82,82,82,82,83,83,100,95,95,83,86,87,87,97,88,100,100,89,85,97,87,96,95,88,87,88,97,91,99,104,100,98,98,100,107,126,176,178,143,143,145,179,191,192,175,207,209,212,213,214,213,213,212,212,211,211,211,210,210,210,209,209,209,208,207,209,206,205,205,205,205,205,203,202,205,205,205,188,195,200,195,196,186,176,186,0,0,0,0,0,0,0,0,0,0,0,0,0,0,0,0,0,0,0,0,0,0,0,0,0,0,0,0,0,0,0
0,0,0,0,0,0,0,0,0,0,0,44,50,50,50,48,49,48,48,48,47,47,47,47,48,49,49,50,49,50,49,51,51,54,57,50,58,58,52,52,52,52,52,52,52,52,52,53,53,53,54,54,60,55,56,60,56,57,58,65,76,65,72,71,71,72,67,74,75,75,72,76,76,76,76,76,77,77,77,77,77,77,77,77,77,77,78,78,78,78,77,77,77,77,77,78,78,79,80,98,81,80,81,82,83,83,84,98,85,84,84,97,85,97,97,97,98,87,91,87,97,98,87,100,100,98,88,87,97,96,97,98,100,97,110,100,99,99,94,158,128,186,97,110,166,188,157,173,198,184,210,212,214,214,214,212,212,212,212,211,210,210,209,209,209,208,207,206,205,204,210,209,205,202,201,200,201,191,194,195,194,183,179,185,182,174,160,153,0,0,0,0,0,0,0,0,0,0,0,0,0,0,0,0,0,0,0,0,0,0,0,0,0,0,0,0,0,0,0
0,0,0,0,0,0,0,0,0,0,0,49,54,52,50,45,45,45,45,45,46,46,46,47,47,47,48,54,50,54,52,53,50,54,53,54,53,54,53,54,54,53,54,61,61,61,58,53,53,53,53,53,53,54,55,60,53,63,61,59,58,60,60,67,67,61,75,62,76,76,77,76,77,77,77,85,77,78,78,78,78,78,77,77,77,77,77,77,77,77,77,77,77,77,77,77,77,77,78,79,79,79,79,80,83,83,97,91,89,83,83,83,98,85,97,97,98,97,90,88,87,87,99,91,100,100,89,97,99,99,99,100,100,98,96,99,99,99,100,93,129,141,179,127,128,146,175,128,123,181,185,191,193,208,210,210,211,211,210,210,211,208,210,211,208,206,207,205,203,202,208,204,201,200,200,198,191,191,196,195,194,193,191,190,189,177,173,160,0,0,0,0,0,0,0,0,0,0,0,0,0,0,0,0,0,0,0,0,0,0,0,0,0,0,0,0,0,0,0
0,0,0,0,0,0,0,0,0,0,0,40,41,41,42,42,42,42,43,43,43,44,44,45,45,46,49,47,47,49,54,50,54,53,54,52,53,55,58,54,54,56,54,54,54,54,58,54,58,53,53,53,54,53,53,52,56,58,52,53,54,60,56,59,59,70,63,76,76,76,77,76,76,77,77,77,78,78,78,78,78,78,78,78,77,77,77,77,77,77,77,77,77,76,76,76,75,76,76,77,78,78,77,78,78,80,81,83,93,82,80,81,83,95,85,84,99,96,86,88,88,86,87,102,100,99,90,89,98,99,91,98,91,94,98,98,99,99,99,98,99,129,157,141,157,157,137,197,179,173,173,178,181,186,192,200,205,210,211,208,209,208,208,209,203,206,201,200,199,199,201,204,201,200,198,197,198,197,197,188,196,191,195,188,173,172,175,174,0,0,0,0,0,0,0,0,0,0,0,0,0,0,0,0,0,0,0,0,0,0,0,0,0,0,0,0,0,0,0
0,0,0,0,0,0,0,0,0,0,0,51,40,42,43,42,42,43,49,42,43,44,44,45,46,46,46,49,49,50,50,52,52,54,58,54,54,56,56,56,56,56,56,57,55,55,55,55,61,55,61,62,58,53,52,52,51,51,51,52,58,54,59,56,58,59,74,73,73,74,74,78,75,77,74,75,75,76,76,77,77,77,77,77,77,77,76,76,76,76,76,76,76,75,75,75,75,75,75,75,75,75,76,94,84,84,76,85,94,89,83,78,80,84,80,81,83,99,100,100,84,86,86,92,100,105,95,95,87,88,90,98,92,100,90,98,115,92,92,95,106,107,124,132,128,159,167,157,154,196,169,166,177,178,182,182,200,203,208,211,206,209,208,209,203,205,203,205,205,201,201,200,201,198,195,196,197,196,194,196,185,185,185,182,168,160,186,164,0,0,0,0,0,0,0,0,0,0,0,0,0,0,0,0,0,0,0,0,0,0,0,0,0,0,0,0,0,0,0
0,0,0,0,0,0,0,0,0,0,0,37,54,54,54,46,47,48,53,49,49,47,48,49,49,54,54,57,57,54,53,51,51,51,54,52,53,57,54,54,55,59,59,54,55,55,54,53,54,54,61,54,58,53,52,52,53,52,51,51,58,54,57,61,61,61,58,58,59,71,72,73,73,75,74,75,73,74,74,75,75,77,77,77,76,76,76,75,75,75,75,75,75,74,74,88,74,74,75,75,75,76,76,76,76,76,76,76,80,79,83,76,82,77,86,80,99,98,96,100,100,95,84,106,106,96,87,102,90,90,91,97,98,99,100,98,101,88,90,91,94,97,93,94,100,127,126,128,170,175,113,176,157,103,181,205,186,173,204,200,205,206,208,208,207,202,201,200,201,204,197,196,196,195,194,178,178,193,185,164,182,152,172,166,156,161,149,153,0,0,0,0,0,0,0,0,0,0,0,0,0,0,0,0,0,0,0,0,0,0,0,0,0,0,0,0,0,0,0
0,0,0,0,0,0,0,0,0,0,0,48,46,46,54,43,58,54,48,53,59,52,51,53,51,58,58,59,58,58,51,51,51,54,51,53,52,52,57,57,52,56,53,53,56,56,52,58,51,51,51,50,54,54,54,53,48,48,54,51,56,48,57,55,56,57,57,58,55,56,58,60,66,67,77,80,74,76,75,74,75,73,77,75,74,83,74,74,75,82,75,74,74,74,84,74,74,75,74,75,75,75,76,76,76,76,76,77,79,79,84,78,77,78,95,79,80,96,95,97,95,98,82,107,106,94,85,98,99,90,83,82,83,83,93,84,83,101,85,86,101,92,97,100,102,100,105,123,110,119,150,115,145,177,156,178,176,178,194,179,200,194,203,203,205,203,200,199,194,204,196,195,192,196,185,185,176,182,176,152,162,162,152,159,151,152,152,153,0,0,0,0,0,0,0,0,0,0,0,0,0,0,0,0,0,0,0,0,0,0,0,0,0,0,0,0,0,0,0
0,0,0,0,0,0,0,0,0,0,0,44,42,42,44,46,46,49,56,55,61,56,53,49,49,48,47,48,48,47,47,46,53,46,45,49,50,47,49,51,50,50,57,53,58,53,48,46,56,46,46,57,46,46,45,45,56,46,46,53,46,58,57,47,49,47,47,56,54,57,57,52,55,61,59,66,64,66,65,77,73,72,76,76,74,74,81,75,76,84,76,76,76,76,87,75,75,75,75,75,75,75,75,75,75,79,75,92,75,76,77,76,82,75,75,76,75,82,78,80,81,95,81,81,85,95,86,83,85,84,82,82,97,82,83,84,96,98,84,84,83,98,99,91,96,101,99,108,110,127,111,136,174,114,152,178,177,177,178,176,182,195,195,195,199,200,199,199,198,196,198,193,193,185,176,173,158,153,153,153,155,155,155,153,145,152,153,153,0,0,0,0,0,0,0,0,0,0,0,0,0,0,0,0,0,0,0,0,0,0,0,0,0,0,0,0,0,0,0
0,0,0,0,0,0,0,0,0,0,0,45,49,49,48,37,48,48,54,54,54,48,43,42,42,42,42,43,43,42,42,40,50,41,42,42,46,43,48,47,50,46,43,52,44,44,44,45,45,45,45,45,57,46,45,45,45,54,46,49,51,46,47,48,47,47,47,56,48,48,57,57,52,59,56,60,61,60,62,64,62,64,66,69,75,74,72,74,74,73,74,74,74,74,74,74,74,74,74,74,75,74,75,75,74,75,75,75,76,76,76,76,76,92,76,76,76,80,78,80,83,99,95,95,94,94,95,85,103,96,88,85,95,98,86,95,87,95,99,97,98,98,95,96,99,96,99,100,100,99,109,128,110,138,135,172,144,156,191,179,177,178,176,177,181,182,181,178,177,185,185,176,178,183,158,161,161,153,160,161,152,154,152,146,151,150,152,152,0,0,0,0,0,0,0,0,0,0,0,0,0,0,0,0,0,0,0,0,0,0,0,0,0,0,0,0,0,0,0
0,0,0,0,0,0,0,0,0,0,0,37,37,37,37,37,41,41,47,47,46,42,42,42,42,42,42,42,41,41,40,47,47,47,40,40,40,42,39,39,40,44,40,45,44,43,42,41,43,43,43,43,44,44,44,48,45,50,45,46,46,46,47,47,47,47,47,48,48,48,48,54,50,51,52,59,55,55,62,62,60,61,61,59,61,62,72,66,64,69,70,71,71,72,87,72,72,72,72,73,73,73,74,74,74,74,75,75,75,76,76,75,76,92,77,77,77,77,79,81,84,94,94,94,81,94,95,97,97,98,99,85,97,95,86,86,94,88,88,99,98,98,98,98,98,95,98,105,99,100,103,92,100,103,121,109,128,138,126,135,106,141,155,157,157,157,165,160,164,156,153,153,149,161,164,160,152,156,153,161,156,154,162,153,155,153,153,152,0,0,0,0,0,0,0,0,0,0,0,0,0,0,0,0,0,0,0,0,0,0,0,0,0,0,0,0,0,0,0
0,0,0,0,0,0,0,0,0,0,0,34,34,34,34,37,37,36,43,43,43,40,40,42,42,37,37,40,40,39,38,37,38,38,36,37,37,39,47,40,50,50,50,40,42,42,44,44,44,53,45,46,46,47,47,47,46,47,48,48,48,48,48,53,54,53,58,49,49,54,49,58,50,51,51,55,54,59,54,52,60,65,66,66,66,62,68,66,67,69,69,69,70,70,81,72,72,72,73,73,73,72,72,72,74,72,71,72,73,75,75,74,75,75,76,75,77,75,81,82,79,80,82,83,83,95,94,96,85,95,95,87,95,95,97,84,96,97,97,86,87,87,86,96,98,94,91,91,99,106,94,92,100,106,95,128,97,107,110,115,112,116,152,134,139,141,152,128,160,162,146,153,153,157,153,154,153,154,153,153,153,145,148,148,144,151,146,151,0,0,0,0,0,0,0,0,0,0,0,0,0,0,0,0,0,0,0,0,0,0,0,0,0,0,0,0,0,0,0
0,0,0,0,0,0,0,0,0,0,0,33,34,34,32,34,34,34,34,46,49,45,38,34,34,35,35,36,41,37,40,45,37,35,36,36,37,39,36,36,39,39,41,51,43,44,46,48,48,56,54,54,54,54,52,51,58,57,53,54,58,58,57,55,56,57,53,58,53,53,53,52,52,56,54,54,58,54,54,58,61,57,61,62,66,77,68,66,69,59,64,74,66,71,69,70,70,71,72,87,72,72,72,72,72,74,71,74,74,72,73,72,87,74,94,74,74,74,81,81,78,75,83,83,78,94,94,94,78,83,85,95,83,91,79,80,91,80,86,86,87,88,83,83,82,92,81,83,98,85,105,95,93,96,106,108,103,92,110,107,111,107,104,110,110,121,145,135,134,133,135,145,136,153,133,147,134,144,147,143,153,153,153,145,150,150,137,136,0,0,0,0,0,0,0,0,0,0,0,0,0,0,0,0,0,0,0,0,0,0,0,0,0,0,0,0,0,0,0
0,0,0,0,0,0,0,0,0,0,0,29,30,31,32,32,31,42,35,46,56,57,46,44,45,45,48,49,48,48,48,50,50,50,50,53,52,44,44,44,44,41,42,44,45,52,54,54,58,57,58,51,58,59,52,53,55,57,58,58,55,55,57,58,55,57,56,57,57,53,53,53,53,57,57,57,54,54,54,54,59,56,56,58,58,61,59,61,62,66,63,62,62,71,74,73,72,67,67,71,68,69,69,73,69,69,70,73,73,73,70,70,70,70,85,71,71,72,71,76,76,76,72,75,76,78,94,99,95,94,96,98,87,85,87,90,85,99,100,99,87,87,99,88,88,89,96,86,86,85,83,85,93,88,100,98,89,97,97,95,106,92,107,121,135,109,135,127,131,135,138,153,147,137,135,135,134,135,147,137,135,145,147,146,142,142,143,146,0,0,0,0,0,0,0,0,0,0,0,0,0,0,0,0,0,0,0,0,0,0,0,0,0,0,0,0,0,0,0
0,0,0,0,0,0,0,0,0,0,0,29,26,26,27,43,32,31,46,47,48,57,53,47,48,46,46,46,46,53,54,54,57,57,57,57,57,53,57,54,53,54,50,58,58,58,58,58,57,58,55,58,56,61,57,58,57,57,57,57,57,54,53,53,53,52,50,53,57,50,52,53,52,53,53,53,53,53,54,54,54,55,56,55,56,57,58,58,59,59,60,61,62,66,66,66,65,62,62,62,67,68,66,68,67,67,67,67,67,68,68,68,68,69,69,70,70,91,71,71,72,72,73,75,75,76,94,94,94,100,98,98,101,100,94,98,98,100,101,108,106,98,99,99,107,97,107,98,98,97,98,95,87,94,98,88,95,95,93,93,95,93,99,119,121,110,108,140,125,127,140,141,132,133,131,131,133,134,145,131,143,148,135,135,134,130,129,128,0,0,0,0,0,0,0,0,0,0,0,0,0,0,0,0,0,0,0,0,0,0,0,0,0,0,0,0,0,0,0
0,0,0,0,0,0,0,0,0,0,0,31,40,42,42,33,33,37,36,37,50,48,54,45,48,53,56,58,53,55,52,58,58,58,57,58,57,59,56,56,56,56,56,56,58,58,55,56,56,58,59,60,60,57,54,53,53,52,52,52,52,52,51,51,51,51,51,51,51,50,50,50,51,50,50,50,51,51,52,52,52,53,54,54,55,55,56,57,57,56,57,58,58,59,60,60,60,60,59,61,59,62,66,63,64,64,65,66,79,67,68,68,72,69,69,70,91,71,95,73,73,74,74,76,76,76,76,95,94,94,97,98,99,96,100,109,129,128,97,99,110,105,99,109,104,97,106,108,107,100,101,98,98,98,91,94,86,86,92,96,87,91,88,96,98,105,111,111,121,112,104,122,119,123,133,127,132,128,135,132,135,136,136,140,128,128,128,127,0,0,0,0,0,0,0,0,0,0,0,0,0,0,0,0,0,0,0,0,0,0,0,0,0,0,0,0,0,0,0
0,0,0,0,0,0,0,0,0,0,0,37,50,50,48,48,46,48,51,50,46,52,46,44,51,47,51,53,55,57,57,52,59,59,54,59,57,57,57,57,57,57,57,57,60,56,56,56,56,54,53,51,51,51,50,50,50,50,51,51,50,52,49,49,49,49,49,50,50,50,49,49,50,50,50,50,50,51,51,51,51,51,51,51,52,52,58,52,56,56,56,58,57,57,57,55,56,57,59,60,61,60,60,62,64,64,65,66,83,69,69,69,70,75,71,71,72,72,73,73,74,75,91,77,78,78,78,76,77,77,79,80,81,100,95,95,93,98,103,96,103,99,97,106,95,109,109,100,106,106,100,96,100,99,95,100,86,85,83,82,84,84,83,85,89,89,100,93,106,106,109,110,110,109,111,105,121,123,124,126,127,127,128,129,127,138,132,112,0,0,0,0,0,0,0,0,0,0,0,0,0,0,0,0,0,0,0,0,0,0,0,0,0,0,0,0,0,0,0
0,0,0,0,0,0,0,0,0,0,0,45,46,53,47,50,54,54,54,54,46,48,45,52,54,51,52,53,55,56,56,57,57,56,56,54,57,56,59,57,61,59,60,59,55,55,55,53,56,57,56,53,56,52,51,51,50,56,52,52,50,54,56,50,52,48,50,50,51,51,51,51,51,51,51,51,51,52,52,52,52,52,52,52,52,55,52,52,53,52,52,53,53,54,57,54,54,56,56,56,57,58,60,60,60,61,65,65,73,67,68,69,69,76,71,71,72,73,73,75,74,91,77,77,78,78,78,78,78,77,83,86,77,94,85,96,100,97,97,89,95,109,109,98,97,96,98,99,96,96,90,93,96,98,98,97,91,97,96,84,83,82,82,86,81,85,82,82,89,92,91,94,93,101,97,104,100,105,105,109,109,103,109,109,106,102,106,109,0,0,0,0,0,0,0,0,0,0,0,0,0,0,0,0,0,0,0,0,0,0,0,0,0,0,0,0,0,0,0
0,0,0,0,0,0,0,0,0,0,0,48,48,48,48,47,52,51,51,45,46,47,48,45,47,51,52,48,53,49,53,52,54,54,52,52,53,50,50,50,54,54,52,53,53,53,56,53,50,56,48,53,58,53,52,52,53,51,51,53,50,51,51,55,55,55,52,52,53,52,52,52,52,52,52,52,52,52,52,52,55,52,52,52,52,52,52,52,52,53,53,53,54,54,57,56,55,56,56,56,55,58,59,59,60,62,62,63,64,67,67,70,74,69,70,71,72,74,75,76,76,76,91,78,78,77,77,77,78,80,80,80,82,83,77,78,94,95,94,95,94,88,101,99,99,98,97,98,96,96,96,96,94,89,88,95,97,97,97,96,96,81,80,84,85,84,85,79,81,83,87,91,87,93,98,103,90,90,93,98,92,106,101,109,100,102,102,102,0,0,0,0,0,0,0,0,0,0,0,0,0,0,0,0,0,0,0,0,0,0,0,0,0,0,0,0,0,0,0
0,0,0,0,0,0,0,0,0,0,0,44,45,48,45,49,45,45,46,44,46,46,45,47,44,48,48,45,49,49,52,53,53,50,52,49,50,50,43,54,54,47,54,54,53,48,53,48,53,48,53,52,52,52,52,52,52,52,52,51,51,56,51,51,51,52,52,52,52,52,52,52,52,52,54,53,51,51,51,51,54,51,50,50,50,50,51,51,51,51,52,52,53,54,54,55,55,55,56,56,57,57,57,58,59,60,67,61,62,63,65,70,71,68,73,69,69,70,76,76,74,73,74,75,75,76,76,76,80,80,80,80,81,83,77,77,77,98,94,94,95,97,99,86,86,90,92,87,96,99,97,96,94,89,94,97,97,95,97,95,97,94,87,87,80,84,79,79,79,81,82,83,83,85,86,91,92,90,92,91,93,90,94,101,90,88,90,90,0,0,0,0,0,0,0,0,0,0,0,0,0,0,0,0,0,0,0,0,0,0,0,0,0,0,0,0,0,0,0
0,0,0,0,0,0,0,0,0,0,0,38,38,40,41,44,40,42,44,40,45,44,45,45,43,44,43,44,47,49,50,52,51,47,46,46,46,47,54,56,57,57,57,58,59,58,56,59,57,56,57,58,54,56,56,56,55,55,53,53,52,51,50,49,50,49,50,50,50,50,51,50,51,51,51,52,53,51,51,50,51,51,51,51,51,51,51,51,51,51,51,51,51,52,52,52,53,55,53,55,55,55,55,55,55,56,56,56,57,58,59,61,61,68,63,70,66,66,74,70,70,72,70,70,73,71,78,71,75,75,75,76,75,72,72,72,76,73,73,74,74,74,77,80,82,83,84,84,96,96,92,93,95,94,86,84,83,95,97,87,97,97,81,81,81,78,84,85,83,77,76,78,78,77,81,81,83,87,86,82,76,77,90,90,90,90,85,87,0,0,0,0,0,0,0,0,0,0,0,0,0,0,0,0,0,0,0,0,0,0,0,0,0,0,0,0,0,0,0
0,0,0,0,0,0,0,0,0,0,0,42,41,42,42,50,50,44,42,43,45,42,43,44,45,46,45,41,45,46,47,50,51,50,54,57,57,53,55,55,53,54,54,56,56,57,58,58,59,57,59,57,57,59,58,55,53,57,56,51,54,51,50,49,47,47,47,48,48,49,49,50,51,52,53,52,56,52,52,54,52,52,53,52,53,52,55,54,54,55,56,56,53,52,53,53,53,54,55,55,55,55,55,55,55,56,57,57,58,59,59,59,67,61,62,62,64,65,73,66,67,75,68,74,69,71,71,75,71,71,72,72,72,91,72,85,72,76,74,72,84,74,75,76,77,96,80,94,80,83,86,91,95,96,95,91,85,85,86,85,97,94,93,81,97,80,79,80,79,78,78,77,81,88,78,84,79,80,84,82,84,83,83,84,85,76,85,84,0,0,0,0,0,0,0,0,0,0,0,0,0,0,0,0,0,0,0,0,0,0,0,0,0,0,0,0,0,0,0
0,0,0,0,0,0,0,0,0,0,0,32,29,36,38,38,43,43,35,45,42,34,37,43,50,44,43,47,44,40,44,44,50,47,53,54,46,45,53,53,53,54,54,57,57,52,52,56,56,54,52,56,58,58,56,53,52,56,56,51,50,50,48,49,49,48,48,48,48,49,50,56,51,55,53,53,55,54,54,54,54,56,55,55,55,55,56,56,58,58,58,55,55,56,54,55,55,56,56,56,56,56,56,55,56,56,56,56,57,57,57,58,59,63,60,60,63,62,66,65,70,68,65,75,68,69,76,70,74,71,71,71,71,71,85,72,72,72,72,72,78,78,73,73,73,83,92,74,77,81,85,85,94,94,83,94,83,95,90,86,87,95,84,84,83,94,88,80,94,93,88,80,75,81,82,77,74,81,80,78,78,79,82,86,80,83,86,83,0,0,0,0,0,0,0,0,0,0,0,0,0,0,0,0,0,0,0,0,0,0,0,0,0,0,0,0,0,0,0
0,0,0,0,0,0,0,0,0,0,0,26,26,26,26,45,39,43,44,44,39,41,37,38,44,40,49,42,42,42,50,43,43,46,52,51,52,49,54,53,57,57,57,50,58,57,57,58,51,54,54,58,57,54,58,57,51,56,57,53,49,56,48,48,48,47,47,48,48,48,49,49,50,51,51,51,52,52,53,53,58,54,59,55,54,54,54,54,55,55,55,55,55,55,55,55,56,56,57,57,57,57,57,57,57,57,58,58,58,58,59,59,59,66,67,67,67,66,63,61,67,73,66,63,68,65,66,66,67,67,68,74,79,69,78,70,77,70,71,71,80,71,71,71,72,72,72,82,87,87,91,77,79,80,80,88,88,96,96,95,93,96,91,84,88,94,87,93,97,87,94,88,79,77,76,75,75,76,73,74,76,76,75,82,75,77,75,75,0,0,0,0,0,0,0,0,0,0,0,0,0,0,0,0,0,0,0,0,0,0,0,0,0,0,0,0,0,0,0
0,0,0,0,0,0,0,0,0,0,0,43,44,43,44,44,35,41,43,43,34,40,39,34,32,32,39,39,34,35,36,46,45,48,45,44,49,44,52,54,47,52,57,53,58,50,50,54,50,54,55,54,58,54,57,55,47,52,52,55,46,46,47,49,49,46,46,47,47,46,46,46,47,49,50,47,51,49,50,50,50,51,51,53,51,53,52,53,53,53,53,53,53,53,54,54,54,55,56,55,56,56,56,57,57,58,58,58,59,59,59,59,59,59,59,60,60,60,60,61,61,61,61,63,62,62,62,63,63,65,68,72,73,65,69,69,74,73,75,92,92,92,68,75,69,71,69,69,69,69,96,71,72,72,74,75,98,95,97,89,90,97,92,92,91,77,80,79,79,90,87,90,84,94,88,77,84,89,77,82,81,84,80,79,81,81,79,75,0,0,0,0,0,0,0,0,0,0,0,0,0,0,0,0,0,0,0,0,0,0,0,0,0,0,0,0,0,0,0
0,0,0,0,0,0,0,0,0,0,0,39,38,38,40,38,35,34,33,37,33,32,35,32,38,31,30,31,37,32,34,36,50,50,41,53,45,44,50,50,50,45,50,50,52,49,49,57,53,50,51,50,57,49,50,47,51,48,52,48,52,48,47,47,46,52,51,46,47,46,46,46,46,48,46,46,47,47,48,48,48,48,48,50,50,49,50,50,49,50,50,50,50,50,51,53,52,52,53,54,54,54,55,55,56,57,57,57,57,59,58,58,59,59,59,59,61,60,61,62,62,61,61,62,62,62,63,63,64,64,64,64,65,66,66,66,67,67,67,68,67,68,68,68,69,69,69,70,69,70,70,70,74,70,73,70,69,69,68,76,83,79,79,85,76,83,74,86,75,71,76,71,73,82,74,75,80,83,87,92,92,89,87,85,87,86,86,87,0,0,0,0,0,0,0,0,0,0,0,0,0,0,0,0,0,0,0,0,0,0,0,0,0,0,0,0,0,0,0
0,0,0,0,0,0,0,0,0,0,0,43,38,36,31,40,42,31,31,31,31,30,30,30,45,37,31,38,31,32,33,38,39,44,44,40,41,44,47,50,52,50,54,50,55,52,54,54,56,58,58,59,57,56,58,58,58,58,57,56,58,56,57,56,55,58,50,52,49,47,46,46,46,45,48,45,49,46,46,46,50,47,47,47,47,50,49,49,49,49,49,49,49,50,50,50,51,51,52,52,53,53,53,54,56,54,53,53,53,59,55,55,55,56,56,56,57,58,59,58,59,59,58,60,60,61,62,62,62,68,68,63,64,64,64,64,65,65,65,66,66,66,66,75,66,76,66,94,67,78,67,67,91,67,67,67,66,67,66,66,65,66,65,64,65,64,64,64,65,64,64,64,64,61,62,63,63,62,62,61,61,61,63,62,71,64,62,70,0,0,0,0,0,0,0,0,0,0,0,0,0,0,0,0,0,0,0,0,0,0,0,0,0,0,0,0,0,0,0
0,0,0,0,0,0,0,0,0,0,0,37,33,31,33,33,33,33,33,38,32,37,32,39,37,39,38,32,33,39,42,42,42,39,40,44,41,43,44,43,53,50,50,52,50,50,56,51,54,55,56,58,59,59,59,72,67,71,75,75,72,70,59,56,54,53,51,48,47,46,45,45,44,43,42,42,43,43,43,43,43,43,43,44,44,45,46,50,48,47,47,51,51,48,53,50,53,51,51,51,51,52,52,52,52,52,53,53,57,54,55,54,54,58,58,55,57,56,57,58,58,57,59,59,59,59,64,60,60,60,60,61,62,62,62,63,63,64,63,65,65,65,65,66,65,66,66,66,67,67,67,80,67,67,67,66,65,65,64,64,63,63,62,62,62,62,61,61,61,61,61,61,62,62,61,61,61,62,62,62,63,63,62,61,63,63,70,69,0,0,0,0,0,0,0,0,0,0,0,0,0,0,0,0,0,0,0,0,0,0,0,0,0,0,0,0,0,0,0
0,0,0,0,0,0,0,0,0,0,0,37,37,35,37,31,33,32,33,32,33,33,33,38,33,38,34,40,38,42,36,36,43,36,36,37,38,40,44,44,44,46,47,47,47,47,43,44,45,50,47,51,54,55,65,56,65,57,58,73,58,63,55,53,57,60,54,60,50,49,48,46,46,51,44,43,43,43,42,42,42,42,43,43,43,44,44,45,45,45,46,48,48,48,49,49,50,50,50,51,51,51,52,52,52,52,53,53,54,54,54,55,55,55,58,56,57,58,58,58,58,59,59,59,60,60,61,60,61,61,60,61,60,60,61,61,61,61,61,61,61,62,61,63,70,63,64,62,63,74,61,61,61,62,62,62,61,61,61,61,61,61,62,61,62,62,62,62,62,62,62,62,62,62,61,61,62,62,63,64,65,80,94,88,70,63,62,62,0,0,0,0,0,0,0,0,0,0,0,0,0,0,0,0,0,0,0,0,0,0,0,0,0,0,0,0,0,0,0
0,0,0,0,0,0,0,0,0,0,0,31,31,32,31,31,31,31,31,31,31,32,32,34,33,33,34,33,34,39,35,35,35,44,42,38,38,37,42,38,40,38,48,44,40,42,42,43,45,50,53,57,49,52,50,56,53,56,55,67,67,67,57,55,57,53,51,48,49,48,47,45,46,44,43,43,43,42,42,49,43,42,44,44,43,45,46,46,50,46,47,48,49,49,49,49,50,50,50,50,50,51,51,51,51,52,52,52,53,53,53,53,54,54,54,55,55,56,56,56,57,57,58,58,58,59,59,61,59,60,60,59,59,59,59,59,59,60,60,60,59,59,59,60,60,60,62,60,60,60,60,60,60,60,60,60,60,60,60,60,60,59,59,59,60,61,60,60,60,59,60,61,61,59,61,59,60,60,60,60,61,61,60,60,61,59,62,60,0,0,0,0,0,0,0,0,0,0,0,0,0,0,0,0,0,0,0,0,0,0,0,0,0,0,0,0,0,0,0
0,0,0,0,0,0,0,0,0,0,0,32,32,33,34,45,35,34,34,34,34,35,39,41,42,40,36,35,36,38,35,35,39,42,39,37,33,37,42,34,34,38,38,44,39,41,37,37,43,42,39,39,46,43,45,45,49,55,51,60,59,59,56,56,60,57,51,50,56,56,51,56,50,48,47,51,50,50,46,54,44,44,44,44,45,45,45,45,45,45,46,46,47,50,47,50,48,48,48,48,49,50,51,51,50,51,52,52,52,52,53,54,53,54,55,55,56,55,57,57,59,59,58,60,59,60,61,62,62,61,61,61,61,61,61,61,62,62,61,61,61,60,61,61,61,61,61,61,61,61,61,61,60,60,60,61,60,61,60,60,60,60,60,59,59,59,59,59,60,59,58,58,58,58,58,58,58,57,57,56,56,56,56,56,55,55,55,55,0,0,0,0,0,0,0,0,0,0,0,0,0,0,0,0,0,0,0,0,0,0,0,0,0,0,0,0,0,0,0
0,0,0,0,0,0,0,0,0,0,0,30,30,31,32,32,33,33,32,32,32,32,37,46,46,46,35,38,33,34,34,37,38,42,37,39,34,37,42,37,34,35,42,44,36,49,37,42,46,37,39,49,41,50,51,51,52,52,56,52,55,55,57,56,50,57,52,57,54,50,49,49,49,48,48,48,54,48,47,46,46,46,45,46,46,46,47,47,47,47,53,47,47,47,48,48,48,48,48,49,49,49,50,50,50,51,52,52,53,53,53,54,55,54,55,55,55,56,57,59,58,57,57,58,58,58,62,67,64,59,64,60,60,60,60,61,63,61,61,61,60,60,60,60,60,63,61,63,62,62,62,63,63,63,63,63,64,62,62,63,62,63,63,64,62,62,62,62,61,60,60,59,58,57,54,55,55,55,54,54,53,54,54,54,55,55,57,55,0,0,0,0,0,0,0,0,0,0,0,0,0,0,0,0,0,0,0,0,0,0,0,0,0,0,0,0,0,0,0
0,0,0,0,0,0,0,0,0,0,0,32,38,32,39,33,33,33,33,33,33,33,33,34,43,32,33,33,32,37,33,33,34,34,37,33,34,33,41,33,34,34,34,38,35,38,42,35,36,35,43,43,37,44,39,39,49,49,49,48,52,52,56,52,55,49,50,51,56,52,47,49,53,48,48,50,49,49,49,48,47,47,46,47,47,49,47,47,47,47,47,47,46,46,46,47,47,47,48,48,48,48,49,49,51,50,51,51,51,52,52,53,53,54,54,54,54,57,55,55,56,55,57,55,56,57,57,59,59,59,59,58,58,58,58,58,58,58,58,57,57,60,57,61,61,58,60,63,65,77,79,79,88,94,94,94,94,93,70,87,94,96,93,80,79,89,91,90,80,80,85,63,62,59,56,54,54,54,54,54,53,61,60,60,54,54,55,55,0,0,0,0,0,0,0,0,0,0,0,0,0,0,0,0,0,0,0,0,0,0,0,0,0,0,0,0,0,0,0
0,0,0,0,0,0,0,0,0,0,0,30,30,30,30,30,31,37,31,31,37,31,31,31,37,34,31,31,31,32,32,32,32,32,37,32,33,34,32,32,32,32,37,32,32,32,32,32,33,33,34,37,46,35,36,41,41,54,38,52,52,47,50,49,45,50,45,48,54,52,55,48,50,47,53,48,48,48,47,47,49,48,46,46,47,47,47,47,47,46,46,50,46,47,47,47,47,47,47,52,48,48,48,49,50,50,50,50,52,51,52,52,52,52,52,52,52,52,52,52,53,53,53,53,53,58,53,56,54,56,55,55,55,55,55,56,56,56,56,56,57,55,55,55,57,59,77,79,88,90,94,93,90,87,95,130,158,156,132,138,158,146,157,189,187,93,92,62,84,88,80,86,61,61,57,57,56,57,56,61,60,61,61,57,56,56,56,55,0,0,0,0,0,0,0,0,0,0,0,0,0,0,0,0,0,0,0,0,0,0,0,0,0,0,0,0,0,0,0
0,0,0,0,0,0,0,0,0,0,0,28,28,35,35,30,28,28,28,29,29,29,29,29,30,31,32,33,35,33,31,32,32,32,33,34,33,33,40,39,33,33,33,37,35,34,33,38,33,33,33,33,33,34,34,35,40,42,39,38,43,50,51,52,52,50,48,51,52,51,51,51,51,52,51,51,50,48,46,46,46,45,45,47,43,43,43,44,44,44,45,45,45,45,46,46,46,46,50,50,47,47,50,48,48,48,48,50,50,48,49,49,52,53,50,49,49,49,50,50,53,50,50,50,50,51,52,53,53,53,54,54,54,55,55,56,56,56,56,56,56,57,60,75,77,86,86,98,91,92,89,93,121,119,191,158,158,132,149,149,150,150,132,147,169,120,94,61,88,90,91,82,85,61,59,56,55,53,48,50,47,54,50,52,58,51,52,52,0,0,0,0,0,0,0,0,0,0,0,0,0,0,0,0,0,0,0,0,0,0,0,0,0,0,0,0,0,0,0
0,0,0,0,0,0,0,0,0,0,0,24,25,25,34,28,28,28,26,28,33,28,27,27,28,29,29,28,29,29,30,30,30,32,39,45,31,35,39,32,33,33,33,33,36,33,33,33,34,34,33,33,33,37,34,34,40,34,35,35,36,37,50,52,52,51,50,48,50,50,52,50,50,50,51,52,50,51,50,51,46,43,44,42,42,45,41,40,40,41,42,43,43,43,44,44,44,44,44,45,45,45,47,48,53,49,49,50,50,53,52,52,52,53,56,56,55,56,54,55,55,55,55,55,55,55,55,55,55,55,56,56,58,56,56,62,57,58,58,60,62,64,86,80,91,88,103,93,124,133,120,179,149,158,132,161,162,165,169,168,168,169,163,182,156,131,118,133,114,114,94,76,89,77,60,61,61,62,60,60,60,60,53,59,51,50,48,53,0,0,0,0,0,0,0,0,0,0,0,0,0,0,0,0,0,0,0,0,0,0,0,0,0,0,0,0,0,0,0
0,0,0,0,0,0,0,0,0,0,0,26,25,24,25,23,25,25,25,28,26,37,37,27,28,28,36,29,29,29,29,29,30,29,30,31,37,37,41,32,37,32,32,32,32,32,32,32,32,32,33,32,33,33,34,34,33,37,41,34,35,35,36,54,56,51,49,51,50,52,55,51,50,71,72,54,51,53,50,51,51,51,48,46,48,47,46,49,43,43,43,46,44,44,46,44,45,45,45,45,46,45,46,47,50,47,48,49,50,50,52,52,52,52,53,55,54,52,54,56,57,57,58,58,61,63,59,63,66,79,82,90,85,72,87,91,91,101,104,108,121,120,131,135,131,140,148,139,148,198,134,147,158,177,164,176,177,180,180,179,184,180,178,176,145,157,157,163,156,111,109,116,116,96,87,80,61,60,55,61,53,56,55,52,60,48,50,52,0,0,0,0,0,0,0,0,0,0,0,0,0,0,0,0,0,0,0,0,0,0,0,0,0,0,0,0,0,0,0
0,0,0,0,0,0,0,0,0,0,0,32,22,23,24,22,24,26,28,28,25,26,26,27,37,28,28,36,30,30,30,30,32,31,40,32,32,32,32,33,33,33,32,32,32,32,32,32,33,34,34,47,34,35,34,34,35,36,36,35,36,35,36,49,49,49,51,50,54,56,50,51,67,75,83,75,75,50,55,50,53,54,51,52,48,50,47,45,44,43,44,43,43,44,46,44,45,45,46,52,46,46,46,47,47,48,48,48,49,48,49,48,49,50,51,53,56,54,60,61,72,75,78,82,83,85,87,95,118,121,125,118,122,145,154,154,188,176,185,194,195,192,180,192,192,184,184,198,148,165,149,193,194,195,196,197,197,197,197,195,180,179,179,179,180,157,147,197,133,177,157,157,124,114,106,112,87,85,75,71,89,63,64,62,62,62,61,61,0,0,0,0,0,0,0,0,0,0,0,0,0,0,0,0,0,0,0,0,0,0,0,0,0,0,0,0,0,0,0
0,0,0,0,0,0,0,0,0,0,0,36,36,26,37,27,33,27,30,28,28,37,37,37,29,37,30,30,31,34,31,36,31,32,33,34,31,31,31,31,31,31,31,31,30,30,30,29,30,31,32,32,35,32,32,32,32,34,40,37,41,33,34,38,49,36,49,43,49,49,51,50,55,54,56,51,50,50,52,49,49,49,48,48,47,50,46,46,46,47,43,43,49,45,43,46,47,47,50,49,46,47,47,47,47,47,47,48,48,50,51,51,56,56,81,84,86,86,92,102,135,165,119,177,177,177,174,197,188,189,189,185,189,188,184,184,191,191,189,198,186,198,185,179,199,188,185,165,189,197,197,198,198,199,199,199,199,199,199,197,196,181,195,180,178,187,186,169,131,176,195,177,167,173,170,181,149,173,175,130,83,92,75,125,102,85,64,65,0,0,0,0,0,0,0,0,0,0,0,0,0,0,0,0,0,0,0,0,0,0,0,0,0,0,0,0,0,0,0
0,0,0,0,0,0,0,0,0,0,0,36,24,26,27,27,37,28,29,29,29,29,30,30,31,30,30,30,30,30,30,31,31,32,31,31,32,37,31,30,30,30,30,29,29,29,29,29,31,31,29,30,30,30,30,29,31,31,35,42,40,37,34,38,36,50,50,50,48,46,49,48,50,51,52,51,51,49,48,47,49,49,49,46,46,48,46,47,47,46,50,43,49,46,46,46,48,46,46,50,48,47,47,47,47,48,51,54,55,55,55,56,54,63,85,88,91,163,150,150,187,182,184,197,189,186,196,184,185,185,185,198,198,184,191,199,198,199,199,198,185,197,197,185,184,188,199,199,199,200,200,200,200,200,200,200,200,200,199,199,198,198,197,196,197,196,195,195,193,175,137,157,172,179,177,182,199,179,179,181,182,149,178,185,177,168,179,171,0,0,0,0,0,0,0,0,0,0,0,0,0,0,0,0,0,0,0,0,0,0,0,0,0,0,0,0,0,0,0
0,0,0,0,0,0,0,0,0,0,0,33,33,28,29,29,29,29,28,28,37,29,29,29,30,37,34,37,33,29,28,29,29,29,29,28,29,29,30,30,30,30,30,31,31,30,30,37,30,46,31,32,37,37,32,37,33,34,34,36,48,41,37,38,36,36,41,42,43,43,44,45,45,46,50,50,45,44,44,44,49,50,49,47,45,45,45,45,46,50,50,45,46,46,46,48,50,46,47,47,48,49,51,54,55,56,56,69,85,74,82,54,85,102,137,153,170,188,168,168,168,174,176,181,198,192,196,198,198,198,198,199,199,199,199,199,196,196,195,196,200,201,201,200,200,200,200,200,200,200,200,200,200,200,200,200,200,200,200,200,199,199,199,199,199,199,198,198,179,179,178,186,185,192,183,178,189,189,154,180,159,199,188,177,177,180,164,173,0,0,0,0,0,0,0,0,0,0,0,0,0,0,0,0,0,0,0,0,0,0,0,0,0,0,0,0,0,0,0
0,0,0,0,0,0,0,0,0,0,0,34,27,27,33,28,28,28,28,28,28,28,28,28,28,29,29,28,37,29,29,28,28,29,29,29,29,29,31,37,31,31,31,31,31,43,30,31,30,31,31,32,32,32,32,32,36,32,33,34,45,32,34,34,35,35,44,36,38,38,40,35,41,43,47,49,43,43,43,44,46,47,47,45,45,50,50,50,49,46,45,45,46,46,47,45,50,47,50,49,62,56,61,69,62,74,74,88,116,151,177,178,150,168,188,148,169,171,184,187,190,193,199,196,198,198,199,199,198,198,200,200,200,200,200,200,200,200,200,200,200,200,200,201,201,201,201,201,201,201,201,201,201,201,200,201,200,200,201,200,200,200,200,200,200,200,198,200,200,200,199,199,199,198,198,198,198,194,198,191,196,192,187,189,176,176,180,196,0,0,0,0,0,0,0,0,0,0,0,0,0,0,0,0,0,0,0,0,0,0,0,0,0,0,0,0,0,0,0
0,0,0,0,0,0,0,0,0,0,0,20,23,24,29,29,28,25,29,29,25,29,26,27,27,27,28,27,28,28,28,28,34,29,29,30,30,30,32,32,31,37,33,33,33,33,33,33,36,33,33,33,37,33,43,34,34,36,34,36,41,36,34,34,34,35,38,38,40,49,49,49,47,50,46,47,48,47,47,49,47,48,49,50,48,47,51,51,51,49,46,46,45,44,43,44,44,45,49,56,67,69,73,66,57,85,114,164,176,155,157,159,165,172,168,168,185,188,191,193,195,196,197,197,198,198,198,198,198,199,199,199,199,199,199,199,200,200,200,200,200,200,200,201,201,201,201,201,201,201,201,201,201,201,201,201,201,201,200,201,200,200,200,200,200,200,200,200,200,200,199,199,199,199,199,199,199,199,199,199,198,198,198,190,198,191,191,191,0,0,0,0,0,0,0,0,0,0,0,0,0,0,0,0,0,0,0,0,0,0,0,0,0,0,0,0,0,0,0
0,0,0,0,0,0,0,0,0,0,0,12,15,16,15,20,23,24,25,29,23,23,25,28,27,28,34,34,30,31,35,36,32,37,32,33,33,37,34,33,33,33,34,34,34,34,34,38,33,34,34,34,34,35,34,43,37,46,46,36,38,37,36,38,36,36,39,43,44,43,48,51,50,50,52,51,55,55,50,53,53,53,52,53,53,54,52,52,52,52,49,50,49,50,48,48,48,52,53,55,56,71,72,85,90,101,182,158,138,159,124,170,168,176,184,186,190,194,196,196,197,197,198,198,198,198,198,198,198,198,198,198,199,199,199,199,200,200,200,200,200,200,200,201,201,201,201,201,201,201,201,201,201,201,201,201,201,201,200,201,200,200,200,200,200,200,200,200,200,200,200,200,200,200,199,200,200,200,200,199,199,199,198,198,198,195,198,195,0,0,0,0,0,0,0,0,0,0,0,0,0,0,0,0,0,0,0,0,0,0,0,0,0,0,0,0,0,0,0
0,0,0,0,0,0,0,0,0,0,0,23,23,23,33,32,26,26,27,28,34,27,31,28,29,28,33,29,33,29,29,29,29,29,29,34,32,31,31,36,37,32,32,32,32,32,33,37,32,32,32,32,33,37,33,34,34,34,36,36,37,38,35,36,39,38,38,42,42,43,44,46,46,50,50,51,51,51,54,54,55,55,50,51,52,51,57,51,46,51,49,50,49,47,47,52,55,56,70,69,78,77,88,94,119,180,150,122,164,170,169,176,175,183,183,193,196,197,197,197,198,198,198,198,198,198,198,198,198,199,199,199,199,199,200,200,200,200,200,200,200,200,201,201,201,201,201,201,201,201,201,201,201,200,200,200,200,200,200,200,200,200,200,200,200,200,200,200,200,200,200,200,200,200,199,200,200,200,200,200,200,200,200,200,199,199,199,191,0,0,0,0,0,0,0,0,0,0,0,0,0,0,0,0,0,0,0,0,0,0,0,0,0,0,0,0,0,0,0
0,0,0,0,0,0,0,0,0,0,0,23,24,25,31,26,24,29,28,28,32,25,28,27,29,32,28,28,29,33,29,29,31,37,31,30,30,32,33,36,31,32,33,33,33,33,33,33,33,32,34,31,32,32,32,32,33,35,33,33,34,33,35,40,37,38,44,47,36,38,46,41,43,45,47,48,48,51,49,49,52,50,51,52,66,53,63,57,51,51,50,48,49,53,50,55,61,81,52,55,90,101,118,121,156,122,160,162,164,198,198,190,189,195,197,197,198,197,197,197,198,198,198,198,198,198,198,198,199,199,199,199,199,199,200,200,200,200,200,200,200,201,201,201,201,201,201,201,201,201,201,201,201,201,200,200,200,200,200,200,200,200,200,200,200,200,200,200,200,200,200,200,200,201,201,200,199,200,200,200,200,200,200,200,196,197,193,148,0,0,0,0,0,0,0,0,0,0,0,0,0,0,0,0,0,0,0,0,0,0,0,0,0,0,0,0,0,0,0
0,0,0,0,0,0,0,0,0,0,0,30,28,34,27,32,28,34,28,28,34,27,27,28,26,27,27,30,26,26,28,26,28,35,27,28,29,29,30,30,30,31,31,31,31,31,32,31,31,31,35,33,30,31,31,31,31,31,31,33,32,31,32,33,37,33,41,33,34,40,42,43,45,43,49,50,51,50,52,50,52,54,50,50,52,52,52,66,59,52,56,59,59,56,90,98,77,104,94,105,115,137,165,148,150,160,164,198,198,191,177,194,195,195,196,197,197,197,197,197,197,197,197,197,198,198,198,198,198,198,198,199,199,200,200,200,200,200,200,200,200,200,200,201,201,201,201,201,201,201,201,201,201,201,201,200,200,200,200,200,200,200,200,200,200,200,200,200,200,200,200,200,200,200,200,199,200,200,200,197,198,199,199,199,194,185,129,129,0,0,0,0,0,0,0,0,0,0,0,0,0,0,0,0,0,0,0,0,0,0,0,0,0,0,0,0,0,0,0
0,0,0,0,0,0,0,0,0,0,0,27,27,26,29,31,26,29,29,29,25,25,25,24,24,27,24,27,24,27,24,24,24,24,34,24,26,28,26,27,30,30,30,30,31,31,32,31,31,31,33,30,33,31,31,31,31,40,36,30,31,37,31,32,34,32,37,32,38,38,42,47,50,51,49,51,49,55,55,53,55,51,64,68,70,72,72,74,69,121,61,114,118,120,111,124,125,136,123,148,182,156,168,161,156,183,176,176,195,196,196,196,196,197,197,197,197,197,197,197,197,197,197,197,197,198,198,198,198,198,199,199,199,199,200,200,200,200,200,200,200,200,200,200,200,200,200,200,200,200,200,200,200,200,200,200,200,200,200,200,200,200,200,200,200,200,200,200,200,200,200,200,199,199,198,199,199,199,198,198,198,197,196,190,179,130,127,76,0,0,0,0,0,0,0,0,0,0,0,0,0,0,0,0,0,0,0,0,0,0,0,0,0,0,0,0,0,0,0
0,0,0,0,0,0,0,0,0,0,0,29,27,25,24,26,29,29,29,25,26,26,26,32,25,25,25,27,25,24,32,32,24,25,26,25,26,27,33,28,30,30,30,30,31,32,35,36,31,31,31,31,33,32,32,32,31,33,35,37,31,31,35,31,31,31,31,31,35,33,39,48,39,43,49,51,51,51,53,50,57,56,58,62,65,77,79,79,77,68,65,65,77,126,71,136,148,154,138,143,164,156,174,177,196,194,196,196,196,196,196,196,196,196,196,196,197,197,197,197,197,197,197,197,197,198,198,198,198,198,198,198,199,199,199,199,199,199,199,199,199,199,199,199,199,199,199,199,199,199,199,199,200,200,200,200,200,200,200,200,200,200,200,200,200,200,200,200,200,200,200,199,199,199,199,198,198,193,193,192,197,190,179,179,135,102,135,58,0,0,0,0,0,0,0,0,0,0,0,0,0,0,0,0,0,0,0,0,0,0,0,0,0,0,0,0,0,0,0
0,0,0,0,0,0,0,0,0,0,0,29,28,22,24,32,28,22,24,27,25,23,24,24,32,27,24,25,28,30,27,26,32,31,33,29,33,30,35,31,34,32,30,32,34,31,33,32,36,35,33,33,33,34,34,39,34,35,31,33,35,33,33,33,33,36,34,34,34,34,42,48,34,48,41,49,47,47,48,50,53,54,55,61,68,77,103,149,140,109,105,145,154,182,157,154,148,158,156,188,191,192,193,195,194,195,195,195,196,196,196,196,196,196,197,197,197,197,197,197,197,197,198,198,198,198,198,198,199,199,199,199,199,199,200,200,200,200,200,200,200,199,200,201,200,200,200,200,200,200,200,200,200,201,201,201,200,200,200,200,201,200,200,200,200,200,200,200,200,200,199,200,199,198,195,198,198,191,179,191,194,176,176,149,129,158,34,57,0,0,0,0,0,0,0,0,0,0,0,0,0,0,0,0,0,0,0,0,0,0,0,0,0,0,0,0,0,0,0
0,0,0,0,0,0,0,0,0,0,0,29,22,29,23,23,23,23,31,23,25,25,24,29,27,25,31,25,32,27,28,29,32,27,28,35,28,30,34,30,32,32,32,32,36,32,32,36,38,32,32,33,33,33,33,32,32,32,32,32,33,32,32,32,32,37,39,33,33,34,44,34,34,35,43,48,49,48,48,56,56,58,94,98,102,116,135,156,155,154,143,148,149,148,176,169,187,194,190,192,193,194,195,195,196,196,196,196,196,196,196,196,196,196,196,197,197,197,197,197,197,198,198,198,198,198,198,198,199,199,199,199,199,199,200,200,200,200,200,200,200,200,200,201,201,201,201,201,200,201,201,201,201,201,201,201,201,201,201,201,201,201,200,200,200,200,199,199,199,200,199,199,198,198,197,193,191,190,192,180,178,177,182,125,121,101,99,35,0,0,0,0,0,0,0,0,0,0,0,0,0,0,0,0,0,0,0,0,0,0,0,0,0,0,0,0,0,0,0
0,0,0,0,0,0,0,0,0,0,0,25,27,23,29,22,22,23,22,23,23,24,23,24,32,27,24,26,28,32,28,29,26,28,34,30,33,31,38,30,33,32,32,32,36,32,36,32,36,32,35,30,31,31,31,35,30,31,31,31,30,31,31,31,31,31,32,35,45,39,52,35,36,48,56,100,109,83,97,95,140,105,139,148,149,146,150,148,148,178,161,156,182,186,187,190,191,194,195,195,193,194,195,196,196,196,196,196,196,197,197,197,197,197,197,197,197,198,198,198,198,198,198,199,199,199,199,199,199,199,200,200,200,200,200,200,200,200,200,200,200,200,200,200,200,201,201,201,201,201,201,201,201,201,201,201,201,201,201,201,201,200,200,199,199,198,198,198,197,197,197,196,194,193,191,190,187,189,195,170,180,158,161,129,120,96,94,98,0,0,0,0,0,0,0,0,0,0,0,0,0,0,0,0,0,0,0,0,0,0,0,0,0,0,0,0,0,0,0
0,0,0,0,0,0,0,0,0,0,0,21,22,22,29,22,27,27,22,22,22,23,23,29,28,24,23,24,30,26,28,29,26,26,26,27,29,30,30,33,30,31,31,31,37,31,31,35,31,31,30,30,31,31,31,30,35,35,30,35,36,41,34,36,36,46,95,48,82,99,50,97,51,97,104,134,155,154,155,153,140,140,154,145,161,163,171,169,181,183,187,188,191,191,192,195,195,194,195,195,196,196,197,197,197,197,197,197,197,197,197,197,197,198,198,198,198,198,198,198,199,199,199,199,199,199,199,199,200,200,200,200,200,200,200,200,200,200,200,200,200,200,200,200,200,201,201,201,201,201,201,201,201,201,201,201,201,201,201,201,200,198,197,172,196,165,194,194,182,175,171,150,181,131,147,170,166,164,158,151,150,150,124,130,98,154,84,90,0,0,0,0,0,0,0,0,0,0,0,0,0,0,0,0,0,0,0,0,0,0,0,0,0,0,0,0,0,0,0
0,0,0,0,0,0,0,0,0,0,0,21,20,20,17,23,18,18,18,23,19,24,21,21,30,21,19,22,22,23,27,24,22,29,25,25,28,29,29,25,26,27,27,28,33,33,28,28,28,29,29,29,29,29,29,29,36,35,42,42,36,49,55,59,56,61,101,98,138,134,154,147,154,154,155,152,182,148,182,152,162,161,179,181,183,182,184,186,191,191,192,195,195,194,194,196,195,196,197,197,197,197,197,197,197,198,198,198,198,198,198,198,198,198,198,198,198,198,198,198,199,199,199,199,199,199,199,200,200,200,200,200,200,200,200,200,200,200,200,200,200,200,201,201,201,201,201,201,201,201,201,201,201,201,201,201,201,201,201,200,198,176,172,175,169,181,176,172,170,158,135,82,136,145,146,120,129,136,120,124,129,125,152,155,129,129,127,98,0,0,0,0,0,0,0,0,0,0,0,0,0,0,0,0,0,0,0,0,0,0,0,0,0,0,0,0,0,0,0
0,0,0,0,0,0,0,0,0,0,0,17,17,18,26,18,18,18,18,18,18,19,19,19,20,27,21,19,25,28,22,29,23,27,30,24,29,26,30,27,27,27,29,29,30,28,33,29,30,35,30,30,31,32,33,36,36,37,46,59,51,53,61,83,75,73,154,147,153,153,148,153,140,143,148,155,164,155,174,178,180,182,185,186,187,191,192,195,196,191,184,194,196,196,196,196,196,197,197,196,197,197,197,197,197,197,197,197,197,197,198,198,198,198,198,198,198,198,198,198,198,198,198,199,199,199,199,200,200,199,199,199,199,199,198,198,197,196,198,197,176,176,176,178,174,177,176,176,171,171,172,174,174,174,167,195,195,196,196,176,153,142,175,176,175,165,170,164,152,131,137,115,127,106,89,73,128,128,143,82,129,91,119,125,146,125,129,90,0,0,0,0,0,0,0,0,0,0,0,0,0,0,0,0,0,0,0,0,0,0,0,0,0,0,0,0,0,0,0
0,0,0,0,0,0,0,0,0,0,0,16,18,18,23,17,17,17,17,18,19,18,20,20,23,28,23,21,28,27,22,22,28,26,29,24,24,30,26,28,25,25,30,29,28,28,28,28,28,28,29,31,33,39,37,62,40,62,69,72,116,123,139,154,140,141,138,153,137,157,149,150,154,161,170,169,182,183,184,185,188,187,191,191,191,192,192,193,193,193,194,194,194,194,194,195,195,195,195,195,196,196,196,196,196,196,197,197,197,197,197,197,198,198,198,198,198,198,198,198,198,198,198,198,199,199,199,199,199,199,198,197,195,176,173,172,170,167,165,162,165,161,160,155,153,153,133,110,106,147,153,151,154,153,152,159,164,166,170,170,171,166,165,163,163,159,158,144,107,102,128,120,75,93,99,120,86,149,156,158,128,130,128,129,153,160,142,127,0,0,0,0,0,0,0,0,0,0,0,0,0,0,0,0,0,0,0,0,0,0,0,0,0,0,0,0,0,0,0
0,0,0,0,0,0,0,0,0,0,0,15,15,16,16,16,16,17,17,17,21,19,19,22,20,21,21,19,22,23,23,24,25,30,25,25,25,31,33,26,26,27,27,28,28,28,28,29,29,37,43,36,37,40,68,74,77,78,120,124,145,139,153,148,148,141,139,141,138,154,155,159,177,180,180,183,185,191,190,190,192,191,193,193,193,193,193,193,193,193,193,193,193,194,194,194,194,195,195,195,195,196,196,197,197,197,197,197,197,198,198,198,198,198,198,198,198,198,198,198,198,198,199,198,199,199,199,199,198,197,195,194,180,175,163,161,154,148,147,153,148,148,149,124,148,113,104,57,57,63,38,63,114,157,58,116,118,141,145,150,153,152,152,153,146,146,146,125,105,98,103,106,86,119,65,98,129,141,136,130,128,109,126,136,158,129,163,157,0,0,0,0,0,0,0,0,0,0,0,0,0,0,0,0,0,0,0,0,0,0,0,0,0,0,0,0,0,0,0
0,0,0,0,0,0,0,0,0,0,0,15,15,15,16,16,16,16,16,16,16,17,18,21,19,20,20,21,21,20,24,23,28,25,26,27,28,28,26,28,29,29,30,33,34,36,35,39,46,57,56,61,65,71,82,87,116,122,140,154,150,154,153,136,138,145,155,154,181,179,185,186,187,191,191,192,192,193,193,193,193,193,193,193,193,193,193,193,193,193,194,194,194,194,194,195,195,196,195,196,196,196,197,197,197,198,198,198,198,198,198,198,199,199,199,199,199,199,199,199,199,199,199,199,199,199,197,195,182,178,173,171,169,135,132,127,57,145,147,103,116,93,116,46,46,66,52,41,55,51,46,58,49,76,64,56,64,68,82,120,120,116,118,117,116,129,115,120,88,81,90,99,116,116,93,75,73,148,89,117,126,128,92,126,146,136,129,150,0,0,0,0,0,0,0,0,0,0,0,0,0,0,0,0,0,0,0,0,0,0,0,0,0,0,0,0,0,0,0
0,0,0,0,0,0,0,0,0,0,0,15,15,15,15,15,16,16,16,16,16,17,17,18,26,19,18,19,24,20,24,24,23,27,25,28,28,29,33,29,29,31,32,34,43,47,55,58,63,65,97,72,112,112,139,154,157,154,153,161,180,180,140,146,172,183,182,191,190,192,192,192,192,192,191,191,191,191,191,191,191,191,191,191,192,192,192,192,192,192,193,193,193,193,194,194,194,195,196,196,196,197,197,197,197,198,198,198,198,198,198,198,199,199,199,199,199,199,199,199,199,199,199,198,198,198,195,175,173,172,170,166,130,122,161,150,148,72,111,114,123,97,95,48,55,43,46,47,56,43,43,45,53,48,67,37,64,43,71,82,76,87,92,107,107,108,126,133,135,82,108,109,115,106,98,109,120,138,108,127,120,143,99,129,126,147,146,128,0,0,0,0,0,0,0,0,0,0,0,0,0,0,0,0,0,0,0,0,0,0,0,0,0,0,0,0,0,0,0
0,0,0,0,0,0,0,0,0,0,0,18,18,18,17,17,17,17,18,18,18,18,19,19,27,24,24,23,23,27,30,27,28,30,32,33,32,40,32,70,70,63,67,77,86,88,90,94,117,118,107,152,147,151,164,146,140,145,153,155,155,167,171,172,189,186,191,189,190,191,189,190,189,189,189,189,189,189,189,190,190,190,190,190,191,191,191,191,192,192,192,193,193,195,194,195,195,197,196,196,197,197,198,198,198,198,199,199,199,199,199,199,199,199,199,199,199,199,199,199,199,199,198,196,195,182,174,178,170,165,160,154,161,164,166,102,123,117,96,72,66,46,61,98,63,43,34,56,42,37,39,32,33,36,32,36,54,39,39,76,63,83,64,74,82,65,80,102,94,98,91,74,65,89,72,98,114,120,120,127,133,130,133,120,152,133,99,93,0,0,0,0,0,0,0,0,0,0,0,0,0,0,0,0,0,0,0,0,0,0,0,0,0,0,0,0,0,0,0
0,0,0,0,0,0,0,0,0,0,0,16,16,17,17,17,22,20,20,20,23,23,19,23,23,23,30,31,28,31,31,36,52,70,73,59,62,66,93,97,101,96,107,82,146,140,153,154,144,179,180,158,135,153,167,173,180,180,181,180,182,184,184,185,186,185,186,188,189,191,190,189,190,190,191,191,191,191,191,192,191,192,188,188,193,189,193,190,194,194,194,194,195,195,195,196,197,197,197,197,198,198,198,198,198,198,199,199,199,199,199,199,199,199,199,199,199,199,199,199,199,199,197,172,180,176,133,169,162,156,102,98,127,148,106,121,94,75,75,56,55,46,57,43,36,40,40,42,33,35,36,34,33,32,34,35,36,38,37,36,41,39,52,37,35,77,103,83,99,69,75,71,75,89,71,84,130,95,94,94,93,90,120,127,87,119,120,134,0,0,0,0,0,0,0,0,0,0,0,0,0,0,0,0,0,0,0,0,0,0,0,0,0,0,0,0,0,0,0
0,0,0,0,0,0,0,0,0,0,0,17,18,19,19,19,19,23,23,25,25,31,25,25,23,39,51,50,56,63,63,88,91,99,107,80,108,113,141,146,161,151,146,160,146,154,151,156,147,163,170,177,177,178,178,178,179,181,179,180,181,182,181,183,184,184,183,184,184,186,185,188,187,188,190,190,190,191,191,191,192,192,192,192,193,193,192,194,195,195,196,196,196,196,197,196,197,198,198,198,198,198,198,198,199,199,199,199,199,199,199,199,199,199,199,199,199,199,199,199,199,198,195,182,175,172,127,123,103,98,116,154,162,91,90,65,73,57,64,55,35,46,43,34,32,34,34,32,31,35,36,31,32,30,32,30,31,30,42,36,41,36,31,38,65,39,41,86,87,75,35,41,41,49,64,84,86,77,61,53,85,109,86,98,102,109,131,131,0,0,0,0,0,0,0,0,0,0,0,0,0,0,0,0,0,0,0,0,0,0,0,0,0,0,0,0,0,0,0
0,0,0,0,0,0,0,0,0,0,0,19,23,23,23,23,23,31,30,27,52,60,33,60,33,84,86,90,91,91,111,117,96,140,146,161,155,161,143,158,158,143,145,145,146,164,170,171,172,173,173,176,173,177,177,179,179,178,179,180,179,179,180,183,183,183,184,184,185,185,186,186,189,191,190,190,191,191,192,192,193,193,194,194,194,194,195,195,195,196,196,196,197,197,197,197,198,198,198,198,198,199,199,199,199,199,199,199,199,199,199,199,199,199,199,199,199,199,199,198,196,174,171,176,172,170,113,113,125,161,153,116,85,97,98,63,57,55,56,46,46,54,34,32,32,53,30,30,30,36,36,35,30,34,27,34,28,30,27,27,26,29,36,38,48,31,32,30,36,35,85,34,74,39,35,45,69,69,63,68,75,53,74,70,108,79,99,107,0,0,0,0,0,0,0,0,0,0,0,0,0,0,0,0,0,0,0,0,0,0,0,0,0,0,0,0,0,0,0
0,0,0,0,0,0,0,0,0,0,0,23,26,32,71,33,46,74,48,92,90,106,91,112,95,123,90,75,82,151,161,161,163,173,161,162,164,162,162,168,169,169,169,170,169,170,170,170,169,171,171,173,171,174,175,176,175,178,176,177,178,180,180,178,182,182,183,183,184,184,184,185,187,188,189,189,190,190,191,191,192,193,193,193,194,194,195,195,196,197,197,197,197,197,198,198,198,198,198,199,199,199,199,199,199,199,199,199,199,199,199,199,200,199,199,199,197,196,173,170,174,176,173,166,161,98,96,146,148,119,123,98,93,63,98,55,46,45,43,46,35,39,33,32,32,45,31,29,31,36,35,29,28,27,29,27,27,27,35,27,35,32,34,36,31,41,74,39,51,49,86,55,76,59,71,41,74,83,58,49,73,36,39,70,73,39,73,33,0,0,0,0,0,0,0,0,0,0,0,0,0,0,0,0,0,0,0,0,0,0,0,0,0,0,0,0,0,0,0
0,0,0,0,0,0,0,0,0,0,0,50,51,50,52,96,96,121,128,115,123,96,161,68,161,160,137,127,137,145,160,161,161,161,165,164,164,166,166,167,166,168,168,168,169,169,170,170,171,171,172,172,172,172,172,173,173,173,177,177,178,179,179,180,180,181,182,181,182,183,184,188,185,185,189,191,191,191,191,193,194,194,195,195,196,196,197,197,197,198,198,198,198,198,198,198,198,199,199,199,199,199,199,199,199,199,199,199,199,199,199,199,199,199,199,198,170,173,174,172,169,165,161,162,160,147,147,125,99,94,81,92,54,57,45,46,45,34,29,35,29,45,28,28,28,34,30,28,34,28,34,28,29,34,34,35,35,35,35,30,30,30,35,46,35,36,49,55,41,46,68,95,74,82,82,71,71,72,71,53,41,49,41,41,31,27,25,25,0,0,0,0,0,0,0,0,0,0,0,0,0,0,0,0,0,0,0,0,0,0,0,0,0,0,0,0,0,0,0
0,0,0,0,0,0,0,0,0,0,0,73,73,75,87,141,96,90,142,96,94,71,139,138,142,159,159,161,159,161,160,160,161,162,162,162,161,162,161,166,166,166,166,167,167,168,169,170,169,171,171,171,172,172,175,176,177,173,178,178,178,179,181,179,180,182,183,183,182,185,186,186,187,190,190,191,191,193,194,194,195,195,196,197,197,198,198,198,198,198,199,199,199,199,199,199,199,199,199,199,199,199,199,199,199,199,199,199,199,199,199,198,197,196,194,175,179,173,169,167,130,102,96,148,148,97,91,95,91,71,63,64,56,56,37,38,36,40,37,35,46,31,31,31,30,30,30,31,29,30,35,30,29,30,39,29,29,29,29,35,29,35,33,55,41,72,86,86,46,35,46,80,79,63,67,63,39,41,46,47,71,81,56,34,30,25,28,24,0,0,0,0,0,0,0,0,0,0,0,0,0,0,0,0,0,0,0,0,0,0,0,0,0,0,0,0,0,0,0
0,0,0,0,0,0,0,0,0,0,0,77,143,143,68,96,146,95,91,143,144,143,151,152,160,160,160,159,159,160,157,155,155,157,158,158,160,159,164,164,165,165,167,164,167,168,167,169,168,170,171,171,171,172,174,175,176,176,177,177,179,178,181,182,182,183,184,185,185,186,186,187,190,191,192,192,193,194,194,196,196,197,198,198,198,198,199,199,199,199,199,199,199,199,199,199,199,199,199,199,199,199,199,199,199,199,199,199,199,198,197,195,182,177,179,175,169,169,148,161,147,109,94,99,93,97,94,91,96,85,56,43,42,37,35,32,56,29,44,42,29,30,30,30,40,30,45,30,30,30,36,35,30,30,30,30,29,30,40,29,33,39,36,35,35,35,38,41,41,43,42,94,39,36,41,40,52,71,42,40,48,57,35,39,55,46,29,25,0,0,0,0,0,0,0,0,0,0,0,0,0,0,0,0,0,0,0,0,0,0,0,0,0,0,0,0,0,0,0
0,0,0,0,0,0,0,0,0,0,0,144,143,140,143,138,142,150,153,150,158,151,160,161,159,159,158,159,159,161,160,161,161,160,160,160,163,161,165,165,166,166,167,166,168,167,167,169,170,169,171,171,171,172,174,175,174,180,177,178,179,178,182,181,185,186,187,191,191,191,191,192,188,192,194,195,195,196,197,197,197,197,198,198,198,198,199,199,199,199,199,199,199,199,199,199,199,199,199,199,199,199,199,198,198,199,198,197,196,194,175,177,175,170,168,156,143,132,142,108,98,93,98,98,58,91,55,63,45,38,31,56,31,29,24,24,24,24,25,24,24,24,25,27,26,35,25,34,29,35,25,36,25,30,24,41,24,24,24,24,22,24,24,23,23,23,27,27,38,28,38,81,63,68,36,40,30,70,39,77,27,25,23,27,22,22,25,28,0,0,0,0,0,0,0,0,0,0,0,0,0,0,0,0,0,0,0,0,0,0,0,0,0,0,0,0,0,0,0
0,0,0,0,0,0,0,0,0,0,0,142,142,142,142,126,142,150,158,151,160,150,161,160,157,160,160,160,160,160,161,163,161,161,163,163,160,163,164,165,165,165,167,165,168,168,169,170,170,171,172,173,173,174,175,174,174,178,178,179,180,179,184,185,187,191,191,191,191,191,192,193,193,194,195,196,196,197,197,197,197,197,197,199,199,198,198,198,198,197,198,198,198,198,198,198,198,199,198,198,198,198,198,198,198,197,197,194,176,178,175,171,167,162,148,155,142,97,91,78,94,91,77,75,57,58,47,40,30,28,25,25,24,40,42,23,22,22,23,23,40,23,23,24,28,43,24,25,25,29,24,24,25,25,24,24,24,24,23,23,23,23,23,23,23,23,24,25,59,35,57,74,30,35,41,40,36,42,72,33,41,30,30,30,22,23,23,23,0,0,0,0,0,0,0,0,0,0,0,0,0,0,0,0,0,0,0,0,0,0,0,0,0,0,0,0,0,0,0
0,0,0,0,0,0,0,0,0,0,0,142,151,142,151,142,151,151,151,159,162,161,151,151,163,163,163,163,164,163,163,164,164,161,165,161,165,165,165,166,167,167,166,168,167,169,170,168,171,172,172,173,178,174,174,178,182,181,181,184,180,186,181,191,191,191,191,192,193,192,194,195,195,196,196,196,197,197,197,197,197,197,197,197,197,197,197,197,197,198,198,197,198,198,198,198,198,198,198,198,198,198,198,197,195,194,175,178,175,170,168,161,155,138,140,131,98,78,64,95,55,58,51,85,50,35,35,25,25,24,24,23,35,31,31,22,22,22,22,22,22,22,22,26,22,22,22,26,27,32,22,22,27,27,28,21,21,21,21,21,21,22,30,23,22,23,24,24,24,35,78,29,47,37,28,39,40,39,36,34,29,22,21,20,20,19,19,18,0,0,0,0,0,0,0,0,0,0,0,0,0,0,0,0,0,0,0,0,0,0,0,0,0,0,0,0,0,0,0
0,0,0,0,0,0,0,0,0,0,0,142,142,142,150,138,151,151,161,151,160,161,163,163,162,162,162,162,162,163,163,164,164,164,164,164,165,164,165,166,166,166,166,168,168,169,169,171,173,174,174,179,178,181,180,180,182,186,185,187,188,188,189,190,192,193,195,194,195,196,196,195,196,196,196,196,196,197,197,197,197,197,197,197,197,197,197,197,197,197,197,198,198,198,198,198,198,198,198,198,198,198,196,194,177,178,176,171,164,161,143,148,96,98,91,82,82,64,73,85,70,49,38,51,33,31,29,24,25,24,33,23,23,29,30,22,22,22,22,29,23,22,22,23,23,23,23,24,23,23,23,23,23,23,23,23,24,24,22,22,22,23,23,22,22,23,23,23,22,22,44,39,23,30,44,42,31,30,20,20,20,20,19,18,18,18,18,23,0,0,0,0,0,0,0,0,0,0,0,0,0,0,0,0,0,0,0,0,0,0,0,0,0,0,0,0,0,0,0
0,0,0,0,0,0,0,0,0,0,0,125,125,151,130,152,139,151,147,161,156,158,162,162,162,162,162,162,161,161,161,162,163,162,160,163,163,164,164,165,166,167,167,170,168,171,170,173,179,179,179,179,179,181,181,187,184,186,187,189,190,190,192,193,194,194,195,195,195,196,195,196,196,196,197,197,197,198,197,198,197,198,198,198,198,197,198,198,198,198,198,198,198,198,198,198,198,198,197,196,194,174,186,176,161,152,151,142,149,149,136,74,83,86,79,70,82,64,79,40,39,38,40,28,29,25,27,24,25,25,24,32,23,23,23,23,24,24,24,24,24,24,24,24,23,23,24,24,24,23,23,23,23,24,23,23,23,25,23,23,23,24,23,22,22,23,23,22,21,22,24,36,24,40,39,22,22,21,21,21,20,19,19,19,19,18,19,18,0,0,0,0,0,0,0,0,0,0,0,0,0,0,0,0,0,0,0,0,0,0,0,0,0,0,0,0,0,0,0
0,0,0,0,0,0,0,0,0,0,0,143,143,142,143,151,151,151,161,151,160,161,162,162,162,161,162,162,162,162,164,163,163,165,162,165,162,167,162,167,170,174,173,173,179,178,178,179,179,181,181,182,182,183,185,188,189,191,192,192,191,194,195,196,196,195,195,195,196,196,196,196,196,197,197,197,197,197,197,196,196,196,196,197,197,197,197,197,197,197,198,198,198,197,195,194,173,175,177,171,170,164,152,144,131,134,137,85,91,97,71,74,50,70,70,97,78,38,45,34,35,25,24,25,25,22,22,21,22,31,21,28,21,21,21,21,21,21,27,21,21,21,22,22,22,22,30,23,23,23,36,24,24,24,22,21,24,28,22,22,23,27,24,22,23,24,24,24,29,23,40,40,31,34,48,35,39,39,45,46,39,39,30,39,46,35,25,39,0,0,0,0,0,0,0,0,0,0,0,0,0,0,0,0,0,0,0,0,0,0,0,0,0,0,0,0,0,0,0
0,0,0,0,0,0,0,0,0,0,0,124,127,146,131,158,143,144,152,160,145,160,152,157,159,159,160,159,160,159,160,160,161,161,163,161,165,165,161,166,168,169,171,173,174,180,179,178,179,180,181,182,183,184,185,188,188,191,190,192,192,191,193,194,197,196,196,196,199,196,196,196,196,196,196,196,196,196,196,196,196,196,196,196,197,197,197,197,196,196,195,194,188,174,185,174,170,169,164,160,144,111,144,114,91,84,84,91,77,75,73,79,61,50,46,50,38,35,41,32,25,23,22,21,21,21,20,20,20,20,21,21,21,21,21,21,21,21,21,21,21,22,22,22,22,22,22,22,22,22,22,23,35,23,21,21,21,26,23,20,21,22,22,21,21,22,22,22,21,25,75,41,51,40,35,34,35,46,36,36,32,31,35,36,36,36,25,39,0,0,0,0,0,0,0,0,0,0,0,0,0,0,0,0,0,0,0,0,0,0,0,0,0,0,0,0,0,0,0
0,0,0,0,0,0,0,0,0,0,0,124,124,124,124,143,146,144,143,158,143,157,157,159,161,159,161,162,162,162,160,161,160,166,161,168,170,158,169,158,178,179,180,180,175,176,180,179,182,187,184,185,186,187,188,190,191,192,193,191,194,194,194,195,195,194,194,196,196,194,194,194,194,194,194,194,195,194,194,194,195,194,196,196,196,196,196,195,194,193,173,177,174,171,163,161,159,150,146,184,138,115,74,84,82,56,63,92,57,57,50,46,40,36,34,31,33,35,27,31,28,35,24,23,23,22,22,22,22,22,22,21,21,21,21,21,21,21,21,21,21,21,21,21,21,21,21,21,21,21,21,29,26,26,21,20,20,20,20,20,21,21,22,21,22,22,22,22,45,28,58,54,38,34,31,35,30,30,36,30,32,49,35,40,31,31,26,23,0,0,0,0,0,0,0,0,0,0,0,0,0,0,0,0,0,0,0,0,0,0,0,0,0,0,0,0,0,0,0
0,0,0,0,0,0,0,0,0,0,0,0,0,0,0,0,0,0,0,0,0,0,0,0,0,0,0,0,0,0,0,0,0,0,0,0,0,0,0,0,0,0,0,0,0,0,0,0,0,0,0,0,0,0,0,0,0,0,0,0,0,0,0,0,0,0,0,0,0,0,0,0,0,0,0,0,0,0,0,0,0,0,0,0,0,0,0,0,0,0,0,0,0,0,0,0,0,0,0,0,0,0,0,0,0,0,0,0,0,0,0,0,0,0,0,0,0,0,0,0,0,0,0,0,0,0,0,0,0,0,0,0,0,0,0,0,0,0,0,0,0,0,0,0,0,0,0,0,0,0,0,0,0,0,0,0,0,0,0,0,0,0,0,0,0,0,0,0,0,0,0,0,0,0,0,0,0,0,0,0,0,0,0,0,0,0,0,0,0,0,0,0,0,0,0,0,0,0,0,0,0,0,0,0,0,0,0,0,0,0,0,0,0,0,0,0,0,0,0
0,0,0,0,0,0,0,0,0,0,0,0,0,0,0,0,0,0,0,0,0,0,0,0,0,0,0,0,0,0,0,0,0,0,0,0,0,0,0,0,0,0,0,0,0,0,0,0,0,0,0,0,0,0,0,0,0,0,0,0,0,0,0,0,0,0,0,0,0,0,0,0,0,0,0,0,0,0,0,0,0,0,0,0,0,0,0,0,0,0,0,0,0,0,0,0,0,0,0,0,0,0,0,0,0,0,0,0,0,0,0,0,0,0,0,0,0,0,0,0,0,0,0,0,0,0,0,0,0,0,0,0,0,0,0,0,0,0,0,0,0,0,0,0,0,0,0,0,0,0,0,0,0,0,0,0,0,0,0,0,0,0,0,0,0,0,0,0,0,0,0,0,0,0,0,0,0,0,0,0,0,0,0,0,0,0,0,0,0,0,0,0,0,0,0,0,0,0,0,0,0,0,0,0,0,0,0,0,0,0,0,0,0,0,0,0,0,0,0
0,0,0,0,0,0,0,0,0,0,0,0,0,0,0,0,0,0,0,0,0,0,0,0,0,0,0,0,0,0,0,0,0,0,0,0,0,0,0,0,0,0,0,0,0,0,0,0,0,0,0,0,0,0,0,0,0,0,0,0,0,0,0,0,0,0,0,0,0,0,0,0,0,0,0,0,0,0,0,0,0,0,0,0,0,0,0,0,0,0,0,0,0,0,0,0,0,0,0,0,0,0,0,0,0,0,0,0,0,0,0,0,0,0,0,0,0,0,0,0,0,0,0,0,0,0,0,0,0,0,0,0,0,0,0,0,0,0,0,0,0,0,0,0,0,0,0,0,0,0,0,0,0,0,0,0,0,0,0,0,0,0,0,0,0,0,0,0,0,0,0,0,0,0,0,0,0,0,0,0,0,0,0,0,0,0,0,0,0,0,0,0,0,0,0,0,0,0,0,0,0,0,0,0,0,0,0,0,0,0,0,0,0,0,0,0,0,0,0
0,0,0,0,0,0,0,0,0,0,0,0,0,0,0,0,0,0,0,0,0,0,0,0,0,0,0,0,0,0,0,0,0,0,0,0,0,0,0,0,0,0,0,0,0,0,0,0,0,0,0,0,0,0,0,0,0,0,0,0,0,0,0,0,0,0,0,0,0,0,0,0,0,0,0,0,0,0,0,0,0,0,0,0,0,0,0,0,0,0,0,0,0,0,0,0,0,0,0,0,0,0,0,0,0,0,0,0,0,0,0,0,0,0,0,0,0,0,0,0,0,0,0,0,0,0,0,0,0,0,0,0,0,0,0,0,0,0,0,0,0,0,0,0,0,0,0,0,0,0,0,0,0,0,0,0,0,0,0,0,0,0,0,0,0,0,0,0,0,0,0,0,0,0,0,0,0,0,0,0,0,0,0,0,0,0,0,0,0,0,0,0,0,0,0,0,0,0,0,0,0,0,0,0,0,0,0,0,0,0,0,0,0,0,0,0,0,0,0
0,0,0,0,0,0,0,0,0,0,0,0,0,0,0,0,0,0,0,0,0,0,0,0,0,0,0,0,0,0,0,0,0,0,0,0,0,0,0,0,0,0,0,0,0,0,0,0,0,0,0,0,0,0,0,0,0,0,0,0,0,0,0,0,0,0,0,0,0,0,0,0,0,0,0,0,0,0,0,0,0,0,0,0,0,0,0,0,0,0,0,0,0,0,0,0,0,0,0,0,0,0,0,0,0,0,0,0,0,0,0,0,0,0,0,0,0,0,0,0,0,0,0,0,0,0,0,0,0,0,0,0,0,0,0,0,0,0,0,0,0,0,0,0,0,0,0,0,0,0,0,0,0,0,0,0,0,0,0,0,0,0,0,0,0,0,0,0,0,0,0,0,0,0,0,0,0,0,0,0,0,0,0,0,0,0,0,0,0,0,0,0,0,0,0,0,0,0,0,0,0,0,0,0,0,0,0,0,0,0,0,0,0,0,0,0,0,0,0
0,0,0,0,0,0,0,0,0,0,0,0,0,0,0,0,0,0,0,0,0,0,0,0,0,0,0,0,0,0,0,0,0,0,0,0,0,0,0,0,0,0,0,0,0,0,0,0,0,0,0,0,0,0,0,0,0,0,0,0,0,0,0,0,0,0,0,0,0,0,0,0,0,0,0,0,0,0,0,0,0,0,0,0,0,0,0,0,0,0,0,0,0,0,0,0,0,0,0,0,0,0,0,0,0,0,0,0,0,0,0,0,0,0,0,0,0,0,0,0,0,0,0,0,0,0,0,0,0,0,0,0,0,0,0,0,0,0,0,0,0,0,0,0,0,0,0,0,0,0,0,0,0,0,0,0,0,0,0,0,0,0,0,0,0,0,0,0,0,0,0,0,0,0,0,0,0,0,0,0,0,0,0,0,0,0,0,0,0,0,0,0,0,0,0,0,0,0,0,0,0,0,0,0,0,0,0,0,0,0,0,0,0,0,0,0,0,0,0
0,0,0,0,0,0,0,0,0,0,0,0,0,0,0,0,0,0,0,0,0,0,0,0,0,0,0,0,0,0,0,0,0,0,0,0,0,0,0,0,0,0,0,0,0,0,0,0,0,0,0,0,0,0,0,0,0,0,0,0,0,0,0,0,0,0,0,0,0,0,0,0,0,0,0,0,0,0,0,0,0,0,0,0,0,0,0,0,0,0,0,0,0,0,0,0,0,0,0,0,0,0,0,0,0,0,0,0,0,0,0,0,0,0,0,0,0,0,0,0,0,0,0,0,0,0,0,0,0,0,0,0,0,0,0,0,0,0,0,0,0,0,0,0,0,0,0,0,0,0,0,0,0,0,0,0,0,0,0,0,0,0,0,0,0,0,0,0,0,0,0,0,0,0,0,0,0,0,0,0,0,0,0,0,0,0,0,0,0,0,0,0,0,0,0,0,0,0,0,0,0,0,0,0,0,0,0,0,0,0,0,0,0,0,0,0,0,0,0
0,0,0,0,0,0,0,0,0,0,0,0,0,0,0,0,0,0,0,0,0,0,0,0,0,0,0,0,0,0,0,0,0,0,0,0,0,0,0,0,0,0,0,0,0,0,0,0,0,0,0,0,0,0,0,0,0,0,0,0,0,0,0,0,0,0,0,0,0,0,0,0,0,0,0,0,0,0,0,0,0,0,0,0,0,0,0,0,0,0,0,0,0,0,0,0,0,0,0,0,0,0,0,0,0,0,0,0,0,0,0,0,0,0,0,0,0,0,0,0,0,0,0,0,0,0,0,0,0,0,0,0,0,0,0,0,0,0,0,0,0,0,0,0,0,0,0,0,0,0,0,0,0,0,0,0,0,0,0,0,0,0,0,0,0,0,0,0,0,0,0,0,0,0,0,0,0,0,0,0,0,0,0,0,0,0,0,0,0,0,0,0,0,0,0,0,0,0,0,0,0,0,0,0,0,0,0,0,0,0,0,0,0,0,0,0,0,0,0
0,0,0,0,0,0,0,0,0,0,0,0,0,0,0,0,0,0,0,0,0,0,0,0,0,0,0,0,0,0,0,0,0,0,0,0,0,0,0,0,0,0,0,0,0,0,0,0,0,0,0,0,0,0,0,0,0,0,0,0,0,0,0,0,0,0,0,0,0,0,0,0,0,0,0,0,0,0,0,0,0,0,0,0,0,0,0,0,0,0,0,0,0,0,0,0,0,0,0,0,0,0,0,0,0,0,0,0,0,0,0,0,0,0,0,0,0,0,0,0,0,0,0,0,0,0,0,0,0,0,0,0,0,0,0,0,0,0,0,0,0,0,0,0,0,0,0,0,0,0,0,0,0,0,0,0,0,0,0,0,0,0,0,0,0,0,0,0,0,0,0,0,0,0,0,0,0,0,0,0,0,0,0,0,0,0,0,0,0,0,0,0,0,0,0,0,0,0,0,0,0,0,0,0,0,0,0,0,0,0,0,0,0,0,0,0,0,0,0
0,0,0,0,0,0,0,0,0,0,0,0,0,0,0,0,0,0,0,0,0,0,0,0,0,0,0,0,0,0,0,0,0,0,0,0,0,0,0,0,0,0,0,0,0,0,0,0,0,0,0,0,0,0,0,0,0,0,0,0,0,0,0,0,0,0,0,0,0,0,0,0,0,0,0,0,0,0,0,0,0,0,0,0,0,0,0,0,0,0,0,0,0,0,0,0,0,0,0,0,0,0,0,0,0,0,0,0,0,0,0,0,0,0,0,0,0,0,0,0,0,0,0,0,0,0,0,0,0,0,0,0,0,0,0,0,0,0,0,0,0,0,0,0,0,0,0,0,0,0,0,0,0,0,0,0,0,0,0,0,0,0,0,0,0,0,0,0,0,0,0,0,0,0,0,0,0,0,0,0,0,0,0,0,0,0,0,0,0,0,0,0,0,0,0,0,0,0,0,0,0,0,0,0,0,0,0,0,0,0,0,0,0,0,0,0,0,0,0
0,0,0,0,0,0,0,0,0,0,0,0,0,0,0,0,0,0,0,0,0,0,0,0,0,0,0,0,0,0,0,0,0,0,0,0,0,0,0,0,0,0,0,0,0,0,0,0,0,0,0,0,0,0,0,0,0,0,0,0,0,0,0,0,0,0,0,0,0,0,0,0,0,0,0,0,0,0,0,0,0,0,0,0,0,0,0,0,0,0,0,0,0,0,0,0,0,0,0,0,0,0,0,0,0,0,0,0,0,0,0,0,0,0,0,0,0,0,0,0,0,0,0,0,0,0,0,0,0,0,0,0,0,0,0,0,0,0,0,0,0,0,0,0,0,0,0,0,0,0,0,0,0,0,0,0,0,0,0,0,0,0,0,0,0,0,0,0,0,0,0,0,0,0,0,0,0,0,0,0,0,0,0,0,0,0,0,0,0,0,0,0,0,0,0,0,0,0,0,0,0,0,0,0,0,0,0,0,0,0,0,0,0,0,0,0,0,0,0
0,0,0,0,0,0,0,0,0,0,0,0,0,0,0,0,0,0,0,0,0,0,0,0,0,0,0,0,0,0,0,0,0,0,0,0,0,0,0,0,0,0,0,0,0,0,0,0,0,0,0,0,0,0,0,0,0,0,0,0,0,0,0,0,0,0,0,0,0,0,0,0,0,0,0,0,0,0,0,0,0,0,0,0,0,0,0,0,0,0,0,0,0,0,0,0,0,0,0,0,0,0,0,0,0,0,0,0,0,0,0,0,0,0,0,0,0,0,0,0,0,0,0,0,0,0,0,0,0,0,0,0,0,0,0,0,0,0,0,0,0,0,0,0,0,0,0,0,0,0,0,0,0,0,0,0,0,0,0,0,0,0,0,0,0,0,0,0,0,0,0,0,0,0,0,0,0,0,0,0,0,0,0,0,0,0,0,0,0,0,0,0,0,0,0,0,0,0,0,0,0,0,0,0,0,0,0,0,0,0,0,0,0,0,0,0,0,0,0
0,0,0,0,0,0,0,0,0,0,0,0,0,0,0,0,0,0,0,0,0,0,0,0,0,0,0,0,0,0,0,0,0,0,0,0,0,0,0,0,0,0,0,0,0,0,0,0,0,0,0,0,0,0,0,0,0,0,0,0,0,0,0,0,0,0,0,0,0,0,0,0,0,0,0,0,0,0,0,0,0,0,0,0,0,0,0,0,0,0,0,0,0,0,0,0,0,0,0,0,0,0,0,0,0,0,0,0,0,0,0,0,0,0,0,0,0,0,0,0,0,0,0,0,0,0,0,0,0,0,0,0,0,0,0,0,0,0,0,0,0,0,0,0,0,0,0,0,0,0,0,0,0,0,0,0,0,0,0,0,0,0,0,0,0,0,0,0,0,0,0,0,0,0,0,0,0,0,0,0,0,0,0,0,0,0,0,0,0,0,0,0,0,0,0,0,0,0,0,0,0,0,0,0,0,0,0,0,0,0,0,0,0,0,0,0,0,0,0
0,0,0,0,0,0,0,0,0,0,0,0,0,0,0,0,0,0,0,0,0,0,0,0,0,0,0,0,0,0,0,0,0,0,0,0,0,0,0,0,0,0,0,0,0,0,0,0,0,0,0,0,0,0,0,0,0,0,0,0,0,0,0,0,0,0,0,0,0,0,0,0,0,0,0,0,0,0,0,0,0,0,0,0,0,0,0,0,0,0,0,0,0,0,0,0,0,0,0,0,0,0,0,0,0,0,0,0,0,0,0,0,0,0,0,0,0,0,0,0,0,0,0,0,0,0,0,0,0,0,0,0,0,0,0,0,0,0,0,0,0,0,0,0,0,0,0,0,0,0,0,0,0,0,0,0,0,0,0,0,0,0,0,0,0,0,0,0,0,0,0,0,0,0,0,0,0,0,0,0,0,0,0,0,0,0,0,0,0,0,0,0,0,0,0,0,0,0,0,0,0,0,0,0,0,0,0,0,0,0,0,0,0,0,0,0,0,0,0
0,0,0,0,0,0,0,0,0,0,0,0,0,0,0,0,0,0,0,0,0,0,0,0,0,0,0,0,0,0,0,0,0,0,0,0,0,0,0,0,0,0,0,0,0,0,0,0,0,0,0,0,0,0,0,0,0,0,0,0,0,0,0,0,0,0,0,0,0,0,0,0,0,0,0,0,0,0,0,0,0,0,0,0,0,0,0,0,0,0,0,0,0,0,0,0,0,0,0,0,0,0,0,0,0,0,0,0,0,0,0,0,0,0,0,0,0,0,0,0,0,0,0,0,0,0,0,0,0,0,0,0,0,0,0,0,0,0,0,0,0,0,0,0,0,0,0,0,0,0,0,0,0,0,0,0,0,0,0,0,0,0,0,0,0,0,0,0,0,0,0,0,0,0,0,0,0,0,0,0,0,0,0,0,0,0,0,0,0,0,0,0,0,0,0,0,0,0,0,0,0,0,0,0,0,0,0,0,0,0,0,0,0,0,0,0,0,0,0
0,0,0,0,0,0,0,0,0,0,0,0,0,0,0,0,0,0,0,0,0,0,0,0,0,0,0,0,0,0,0,0,0,0,0,0,0,0,0,0,0,0,0,0,0,0,0,0,0,0,0,0,0,0,0,0,0,0,0,0,0,0,0,0,0,0,0,0,0,0,0,0,0,0,0,0,0,0,0,0,0,0,0,0,0,0,0,0,0,0,0,0,0,0,0,0,0,0,0,0,0,0,0,0,0,0,0,0,0,0,0,0,0,0,0,0,0,0,0,0,0,0,0,0,0,0,0,0,0,0,0,0,0,0,0,0,0,0,0,0,0,0,0,0,0,0,0,0,0,0,0,0,0,0,0,0,0,0,0,0,0,0,0,0,0,0,0,0,0,0,0,0,0,0,0,0,0,0,0,0,0,0,0,0,0,0,0,0,0,0,0,0,0,0,0,0,0,0,0,0,0,0,0,0,0,0,0,0,0,0,0,0,0,0,0,0,0,0,0
0,0,0,0,0,0,0,0,0,0,0,0,0,0,0,0,0,0,0,0,0,0,0,0,0,0,0,0,0,0,0,0,0,0,0,0,0,0,0,0,0,0,0,0,0,0,0,0,0,0,0,0,0,0,0,0,0,0,0,0,0,0,0,0,0,0,0,0,0,0,0,0,0,0,0,0,0,0,0,0,0,0,0,0,0,0,0,0,0,0,0,0,0,0,0,0,0,0,0,0,0,0,0,0,0,0,0,0,0,0,0,0,0,0,0,0,0,0,0,0,0,0,0,0,0,0,0,0,0,0,0,0,0,0,0,0,0,0,0,0,0,0,0,0,0,0,0,0,0,0,0,0,0,0,0,0,0,0,0,0,0,0,0,0,0,0,0,0,0,0,0,0,0,0,0,0,0,0,0,0,0,0,0,0,0,0,0,0,0,0,0,0,0,0,0,0,0,0,0,0,0,0,0,0,0,0,0,0,0,0,0,0,0,0,0,0,0,0,0
0,0,0,0,0,0,0,0,0,0,0,0,0,0,0,0,0,0,0,0,0,0,0,0,0,0,0,0,0,0,0,0,0,0,0,0,0,0,0,0,0,0,0,0,0,0,0,0,0,0,0,0,0,0,0,0,0,0,0,0,0,0,0,0,0,0,0,0,0,0,0,0,0,0,0,0,0,0,0,0,0,0,0,0,0,0,0,0,0,0,0,0,0,0,0,0,0,0,0,0,0,0,0,0,0,0,0,0,0,0,0,0,0,0,0,0,0,0,0,0,0,0,0,0,0,0,0,0,0,0,0,0,0,0,0,0,0,0,0,0,0,0,0,0,0,0,0,0,0,0,0,0,0,0,0,0,0,0,0,0,0,0,0,0,0,0,0,0,0,0,0,0,0,0,0,0,0,0,0,0,0,0,0,0,0,0,0,0,0,0,0,0,0,0,0,0,0,0,0,0,0,0,0,0,0,0,0,0,0,0,0,0,0,0,0,0,0,0,0
0,0,0,0,0,0,0,0,0,0,0,0,0,0,0,0,0,0,0,0,0,0,0,0,0,0,0,0,0,0,0,0,0,0,0,0,0,0,0,0,0,0,0,0,0,0,0,0,0,0,0,0,0,0,0,0,0,0,0,0,0,0,0,0,0,0,0,0,0,0,0,0,0,0,0,0,0,0,0,0,0,0,0,0,0,0,0,0,0,0,0,0,0,0,0,0,0,0,0,0,0,0,0,0,0,0,0,0,0,0,0,0,0,0,0,0,0,0,0,0,0,0,0,0,0,0,0,0,0,0,0,0,0,0,0,0,0,0,0,0,0,0,0,0,0,0,0,0,0,0,0,0,0,0,0,0,0,0,0,0,0,0,0,0,0,0,0,0,0,0,0,0,0,0,0,0,0,0,0,0,0,0,0,0,0,0,0,0,0,0,0,0,0,0,0,0,0,0,0,0,0,0,0,0,0,0,0,0,0,0,0,0,0,0,0,0,0,0,0
0,0,0,0,0,0,0,0,0,0,0,0,0,0,0,0,0,0,0,0,0,0,0,0,0,0,0,0,0,0,0,0,0,0,0,0,0,0,0,0,0,0,0,0,0,0,0,0,0,0,0,0,0,0,0,0,0,0,0,0,0,0,0,0,0,0,0,0,0,0,0,0,0,0,0,0,0,0,0,0,0,0,0,0,0,0,0,0,0,0,0,0,0,0,0,0,0,0,0,0,0,0,0,0,0,0,0,0,0,0,0,0,0,0,0,0,0,0,0,0,0,0,0,0,0,0,0,0,0,0,0,0,0,0,0,0,0,0,0,0,0,0,0,0,0,0,0,0,0,0,0,0,0,0,0,0,0,0,0,0,0,0,0,0,0,0,0,0,0,0,0,0,0,0,0,0,0,0,0,0,0,0,0,0,0,0,0,0,0,0,0,0,0,0,0,0,0,0,0,0,0,0,0,0,0,0,0,0,0,0,0,0,0,0,0,0,0,0,0
0,0,0,0,0,0,0,0,0,0,0,0,0,0,0,0,0,0,0,0,0,0,0,0,0,0,0,0,0,0,0,0,0,0,0,0,0,0,0,0,0,0,0,0,0,0,0,0,0,0,0,0,0,0,0,0,0,0,0,0,0,0,0,0,0,0,0,0,0,0,0,0,0,0,0,0,0,0,0,0,0,0,0,0,0,0,0,0,0,0,0,0,0,0,0,0,0,0,0,0,0,0,0,0,0,0,0,0,0,0,0,0,0,0,0,0,0,0,0,0,0,0,0,0,0,0,0,0,0,0,0,0,0,0,0,0,0,0,0,0,0,0,0,0,0,0,0,0,0,0,0,0,0,0,0,0,0,0,0,0,0,0,0,0,0,0,0,0,0,0,0,0,0,0,0,0,0,0,0,0,0,0,0,0,0,0,0,0,0,0,0,0,0,0,0,0,0,0,0,0,0,0,0,0,0,0,0,0,0,0,0,0,0,0,0,0,0,0,0
0,0,0,0,0,0,0,0,0,0,0,0,0,0,0,0,0,0,0,0,0,0,0,0,0,0,0,0,0,0,0,0,0,0,0,0,0,0,0,0,0,0,0,0,0,0,0,0,0,0,0,0,0,0,0,0,0,0,0,0,0,0,0,0,0,0,0,0,0,0,0,0,0,0,0,0,0,0,0,0,0,0,0,0,0,0,0,0,0,0,0,0,0,0,0,0,0,0,0,0,0,0,0,0,0,0,0,0,0,0,0,0,0,0,0,0,0,0,0,0,0,0,0,0,0,0,0,0,0,0,0,0,0,0,0,0,0,0,0,0,0,0,0,0,0,0,0,0,0,0,0,0,0,0,0,0,0,0,0,0,0,0,0,0,0,0,0,0,0,0,0,0,0,0,0,0,0,0,0,0,0,0,0,0,0,0,0,0,0,0,0,0,0,0,0,0,0,0,0,0,0,0,0,0,0,0,0,0,0,0,0,0,0,0,0,0,0,0,0
0,0,0,0,0,0,0,0,0,0,0,0,0,0,0,0,0,0,0,0,0,0,0,0,0,0,0,0,0,0,0,0,0,0,0,0,0,0,0,0,0,0,0,0,0,0,0,0,0,0,0,0,0,0,0,0,0,0,0,0,0,0,0,0,0,0,0,0,0,0,0,0,0,0,0,0,0,0,0,0,0,0,0,0,0,0,0,0,0,0,0,0,0,0,0,0,0,0,0,0,0,0,0,0,0,0,0,0,0,0,0,0,0,0,0,0,0,0,0,0,0,0,0,0,0,0,0,0,0,0,0,0,0,0,0,0,0,0,0,0,0,0,0,0,0,0,0,0,0,0,0,0,0,0,0,0,0,0,0,0,0,0,0,0,0,0,0,0,0,0,0,0,0,0,0,0,0,0,0,0,0,0,0,0,0,0,0,0,0,0,0,0,0,0,0,0,0,0,0,0,0,0,0,0,0,0,0,0,0,0,0,0,0,0,0,0,0,0,0
0,0,0,0,0,0,0,0,0,0,0,0,0,0,0,0,0,0,0,0,0,0,0,0,0,0,0,0,0,0,0,0,0,0,0,0,0,0,0,0,0,0,0,0,0,0,0,0,0,0,0,0,0,0,0,0,0,0,0,0,0,0,0,0,0,0,0,0,0,0,0,0,0,0,0,0,0,0,0,0,0,0,0,0,0,0,0,0,0,0,0,0,0,0,0,0,0,0,0,0,0,0,0,0,0,0,0,0,0,0,0,0,0,0,0,0,0,0,0,0,0,0,0,0,0,0,0,0,0,0,0,0,0,0,0,0,0,0,0,0,0,0,0,0,0,0,0,0,0,0,0,0,0,0,0,0,0,0,0,0,0,0,0,0,0,0,0,0,0,0,0,0,0,0,0,0,0,0,0,0,0,0,0,0,0,0,0,0,0,0,0,0,0,0,0,0,0,0,0,0,0,0,0,0,0,0,0,0,0,0,0,0,0,0,0,0,0,0,0
0,0,0,0,0,0,0,0,0,0,0,0,0,0,0,0,0,0,0,0,0,0,0,0,0,0,0,0,0,0,0,0,0,0,0,0,0,0,0,0,0,0,0,0,0,0,0,0,0,0,0,0,0,0,0,0,0,0,0,0,0,0,0,0,0,0,0,0,0,0,0,0,0,0,0,0,0,0,0,0,0,0,0,0,0,0,0,0,0,0,0,0,0,0,0,0,0,0,0,0,0,0,0,0,0,0,0,0,0,0,0,0,0,0,0,0,0,0,0,0,0,0,0,0,0,0,0,0,0,0,0,0,0,0,0,0,0,0,0,0,0,0,0,0,0,0,0,0,0,0,0,0,0,0,0,0,0,0,0,0,0,0,0,0,0,0,0,0,0,0,0,0,0,0,0,0,0,0,0,0,0,0,0,0,0,0,0,0,0,0,0,0,0,0,0,0,0,0,0,0,0,0,0,0,0,0,0,0,0,0,0,0,0,0,0,0,0,0,0
0,0,0,0,0,0,0,0,0,0,0,0,0,0,0,0,0,0,0,0,0,0,0,0,0,0,0,0,0,0,0,0,0,0,0,0,0,0,0,0,0,0,0,0,0,0,0,0,0,0,0,0,0,0,0,0,0,0,0,0,0,0,0,0,0,0,0,0,0,0,0,0,0,0,0,0,0,0,0,0,0,0,0,0,0,0,0,0,0,0,0,0,0,0,0,0,0,0,0,0,0,0,0,0,0,0,0,0,0,0,0,0,0,0,0,0,0,0,0,0,0,0,0,0,0,0,0,0,0,0,0,0,0,0,0,0,0,0,0,0,0,0,0,0,0,0,0,0,0,0,0,0,0,0,0,0,0,0,0,0,0,0,0,0,0,0,0,0,0,0,0,0,0,0,0,0,0,0,0,0,0,0,0,0,0,0,0,0,0,0,0,0,0,0,0,0,0,0,0,0,0,0,0,0,0,0,0,0,0,0,0,0,0,0,0,0,0,0,0
0,0,0,0,0,0,0,0,0,0,0,0,0,0,0,0,0,0,0,0,0,0,0,0,0,0,0,0,0,0,0,0,0,0,0,0,0,0,0,0,0,0,0,0,0,0,0,0,0,0,0,0,0,0,0,0,0,0,0,0,0,0,0,0,0,0,0,0,0,0,0,0,0,0,0,0,0,0,0,0,0,0,0,0,0,0,0,0,0,0,0,0,0,0,0,0,0,0,0,0,0,0,0,0,0,0,0,0,0,0,0,0,0,0,0,0,0,0,0,0,0,0,0,0,0,0,0,0,0,0,0,0,0,0,0,0,0,0,0,0,0,0,0,0,0,0,0,0,0,0,0,0,0,0,0,0,0,0,0,0,0,0,0,0,0,0,0,0,0,0,0,0,0,0,0,0,0,0,0,0,0,0,0,0,0,0,0,0,0,0,0,0,0,0,0,0,0,0,0,0,0,0,0,0,0,0,0,0,0,0,0,0,0,0,0,0,0,0,0
0,0,0,0,0,0,0,0,0,0,0,0,0,0,0,0,0,0,0,0,0,0,0,0,0,0,0,0,0,0,0,0,0,0,0,0,0,0,0,0,0,0,0,0,0,0,0,0,0,0,0,0,0,0,0,0,0,0,0,0,0,0,0,0,0,0,0,0,0,0,0,0,0,0,0,0,0,0,0,0,0,0,0,0,0,0,0,0,0,0,0,0,0,0,0,0,0,0,0,0,0,0,0,0,0,0,0,0,0,0,0,0,0,0,0,0,0,0,0,0,0,0,0,0,0,0,0,0,0,0,0,0,0,0,0,0,0,0,0,0,0,0,0,0,0,0,0,0,0,0,0,0,0,0,0,0,0,0,0,0,0,0,0,0,0,0,0,0,0,0,0,0,0,0,0,0,0,0,0,0,0,0,0,0,0,0,0,0,0,0,0,0,0,0,0,0,0,0,0,0,0,0,0,0,0,0,0,0,0,0,0,0,0,0,0,0,0,0,0
0,0,0,0,0,0,0,0,0,0,0,0,0,0,0,0,0,0,0,0,0,0,0,0,0,0,0,0,0,0,0,0,0,0,0,0,0,0,0,0,0,0,0,0,0,0,0,0,0,0,0,0,0,0,0,0,0,0,0,0,0,0,0,0,0,0,0,0,0,0,0,0,0,0,0,0,0,0,0,0,0,0,0,0,0,0,0,0,0,0,0,0,0,0,0,0,0,0,0,0,0,0,0,0,0,0,0,0,0,0,0,0,0,0,0,0,0,0,0,0,0,0,0,0,0,0,0,0,0,0,0,0,0,0,0,0,0,0,0,0,0,0,0,0,0,0,0,0,0,0,0,0,0,0,0,0,0,0,0,0,0,0,0,0,0,0,0,0,0,0,0,0,0,0,0,0,0,0,0,0,0,0,0,0,0,0,0,0,0,0,0,0,0,0,0,0,0,0,0,0,0,0,0,0,0,0,0,0,0,0,0,0,0,0,0,0,0,0,0
0,0,0,0,0,0,0,0,0,0,0,0,0,0,0,0,0,0,0,0,0,0,0,0,0,0,0,0,0,0,0,0,0,0,0,0,0,0,0,0,0,0,0,0,0,0,0,0,0,0,0,0,0,0,0,0,0,0,0,0,0,0,0,0,0,0,0,0,0,0,0,0,0,0,0,0,0,0,0,0,0,0,0,0,0,0,0,0,0,0,0,0,0,0,0,0,0,0,0,0,0,0,0,0,0,0,0,0,0,0,0,0,0,0,0,0,0,0,0,0,0,0,0,0,0,0,0,0,0,0,0,0,0,0,0,0,0,0,0,0,0,0,0,0,0,0,0,0,0,0,0,0,0,0,0,0,0,0,0,0,0,0,0,0,0,0,0,0,0,0,0,0,0,0,0,0,0,0,0,0,0,0,0,0,0,0,0,0,0,0,0,0,0,0,0,0,0,0,0,0,0,0,0,0,0,0,0,0,0,0,0,0,0,0,0,0,0,0,0
0,0,0,0,0,0,0,0,0,0,0,0,0,0,0,0,0,0,0,0,0,0,0,0,0,0,0,0,0,0,0,0,0,0,0,0,0,0,0,0,0,0,0,0,0,0,0,0,0,0,0,0,0,0,0,0,0,0,0,0,0,0,0,0,0,0,0,0,0,0,0,0,0,0,0,0,0,0,0,0,0,0,0,0,0,0,0,0,0,0,0,0,0,0,0,0,0,0,0,0,0,0,0,0,0,0,0,0,0,0,0,0,0,0,0,0,0,0,0,0,0,0,0,0,0,0,0,0,0,0,0,0,0,0,0,0,0,0,0,0,0,0,0,0,0,0,0,0,0,0,0,0,0,0,0,0,0,0,0,0,0,0,0,0,0,0,0,0,0,0,0,0,0,0,0,0,0,0,0,0,0,0,0,0,0,0,0,0,0,0,0,0,0,0,0,0,0,0,0,0,0,0,0,0,0,0,0,0,0,0,0,0,0,0,0,0,0,0,0
